80 20
40
0.179804 -0.0284851 2.11627 1
0.575837 0.516019 16928 0
0.184865 0.0182832 2.16037 1
0.57638 0.489928 17280 0
0.176315 0.321592 2.16929 1
0.572548 0.323567 17352 0
0.187041 0.521772 2.17742 1
0.576674 0.214813 17416 0
0.0364403 0.241131 2.20721 1
0.514736 0.369982 17656 0
-0.0047119 0.00715991 2.17672 1
0.498068 0.496085 17408 0
0.018013 -0.143765 2.05338 1
0.50783 0.583325 16424 0
0.0451401 -0.193141 2.02367 1
0.51991 0.613587 16184 0
0.348979 0.224105 2.1595 1
0.644244 0.376493 17272 0
0.357746 0.041339 2.06959 1
0.654292 0.476228 16552 0
0.263645 0.263576 1.97162 1
0.619358 0.340898 15768 0
0.250607 0.317302 1.95345 1
0.61451 0.306686 15624 0
0.111026 -0.0999879 2.11267 1
0.546908 0.556326 16896 0
0.181673 -0.526025 2.10619 1
0.576992 0.797236 16848 0
0.163473 -0.830338 2.13229 1
0.568431 0.963448 17056 0
0.249828 -0.856185 2.12168 1
0.605103 0.980265 16968 0
0.249775 -0.0979063 2.09219 1
0.606562 0.555693 16736 0
0.238388 -0.499383 2.08238 1
0.602183 0.785409 16656 0
0.255596 -0.816702 2.11327 1
0.607958 0.959941 16904 0
0.307918 -0.871297 2.09911 1
0.630934 0.993996 16792 0
40
0.179764 -0.0284519 2.11619 1
0.575823 0.516001 16928 0
0.184791 0.0183848 2.16035 1
0.576351 0.489872 17280 0
0.176292 0.318937 2.16849 1
0.572565 0.324959 17344 0
0.187088 0.522443 2.17724 1
0.576699 0.214422 17416 0
0.0364241 0.241142 2.20704 1
0.514731 0.369967 17656 0
-0.00481257 0.00772955 2.17658 1
0.498026 0.495774 17408 0
0.017892 -0.143443 2.05349 1
0.507777 0.583134 16424 0
0.0459174 -0.191801 2.02279 1
0.520262 0.612847 16176 0
0.351107 0.231359 2.16199 1
0.644957 0.372642 17288 0
0.357761 0.0414619 2.06917 1
0.65433 0.476152 16552 0
0.263849 0.263663 1.97125 1
0.619472 0.340815 15768 0
0.250777 0.317444 1.95305 1
0.614612 0.30656 15624 0
0.110994 -0.0999644 2.1126 1
0.546896 0.556315 16896 0
0.181385 -0.526428 2.1064 1
0.576862 0.797434 16848 0
0.163491 -0.830502 2.13225 1
0.56844 0.963549 17056 0
0.258573 -0.852077 2.1159 1
0.609079 0.979266 16920 0
0.249754 -0.0978502 2.09211 1
0.606557 0.555663 16736 0
0.238359 -0.499388 2.08236 1
0.602172 0.785414 16656 0
0.255605 -0.816692 2.11326 1
0.607962 0.959936 16904 0
0.307959 -0.871252 2.09907 1
0.630954 0.99398 16792 0
40
0.179784 -0.0283556 2.11611 1
0.575834 0.515948 16928 0
0.184785 0.0187114 2.16036 1
0.576347 0.489692 17280 0
0.176487 0.320714 2.16923 1
0.572621 0.324044 17352 0
0.187163 0.522958 2.17704 1
0.576738 0.214114 17416 0
0.0364514 0.241148 2.20683 1
0.514743 0.369951 17648 0
-0.0048866 0.00830198 2.17649 1
0.497996 0.49546 17408 0
0.0177764 -0.143068 2.05362 1
0.507726 0.582911 16424 0
0.0462307 -0.190417 2.02228 1
0.520405 0.612062 16176 0
0.353209 0.237199 2.16408 1
0.645684 0.369554 17312 0
0.357991 0.0418038 2.06822 1
0.654501 0.475945 16544 0
0.264109 0.263861 1.97075 1
0.619621 0.340656 15760 0
0.251007 0.317704 1.9525 1
0.614749 0.306347 15616 0
0.111003 -0.0999146 2.11252 1
0.546901 0.556289 16896 0
0.181009 -0.526889 2.10665 1
0.576694 0.797658 16848 0
0.163578 -0.830739 2.13219 1
0.568478 0.963694 17056 0
0.262663 -0.850283 2.11332 1
0.61094 0.97884 16904 0
0.249847 -0.0976945 2.09202 1
0.606601 0.555577 16736 0
0.238334 -0.499404 2.08234 1
0.602161 0.785425 16656 0
0.255615 -0.816686 2.11327 1
0.607966 0.959932 16904 0
0.307989 -0.871221 2.09904 1
0.630969 0.993969 16792 0
40
0.179875 -0.0281707 2.11603 1
0.575876 0.515844 16928 0
0.184835 0.0192973 2.16042 1
0.576366 0.48937 17280 0
0.176695 0.322766 2.17005 1
0.572679 0.322985 17360 0
0.187254 0.523393 2.17686 1
0.576781 0.213853 17408 0
0.0365313 0.241142 2.20658 1
0.514777 0.369939 17648 0
-0.00490312 0.00849182 2.17637 1
0.497989 0.495356 17408 0
0.017726 -0.142961 2.05361 1
0.507705 0.58285 16424 0
0.0464796 -0.189839 2.02171 1
0.520521 0.611753 16168 0
0.355626 0.243537 2.16685 1
0.646494 0.366239 17328 0
0.358414 0.0424182 2.06682 1
0.654787 0.475575 16528 0
0.264439 0.264205 1.97009 1
0.61981 0.340395 15760 0
0.251307 0.318119 1.95179 1
0.614928 0.306024 15608 0
0.111054 -0.0998302 2.11245 1
0.546925 0.556243 16896 0
0.180589 -0.527381 2.10693 1
0.576506 0.797897 16848 0
0.163807 -0.83112 2.13205 1
0.568578 0.963937 17056 0
0.265594 -0.849098 2.1115 1
0.612275 0.978585 16888 0
0.250069 -0.0974174 2.09193 1
0.606701 0.555422 16728 0
0.238308 -0.499434 2.08234 1
0.602151 0.785443 16656 0
0.255624 -0.816681 2.11327 1
0.607969 0.959929 16904 0
0.308005 -0.871203 2.09902 1
0.630977 0.993964 16792 0
40
0.180061 -0.027901 2.11595 1
0.575957 0.515693 16920 0
0.184984 0.0200507 2.16051 1
0.576424 0.488955 17280 0
0.176931 0.324708 2.17082 1
0.57275 0.321983 17360 0
0.187385 0.523793 2.1767 1
0.576841 0.213612 17408 0
0.0366449 0.241137 2.20631 1
0.514825 0.369926 17648 0
-0.00489176 0.00864741 2.17631 1
0.497994 0.495271 17408 0
0.0176894 -0.142864 2.05362 1
0.507689 0.582793 16424 0
0.046535 -0.189276 2.02133 1
0.520549 0.611442 16168 0
0.357206 0.247921 2.16871 1
0.647018 0.363948 17344 0
0.358877 0.0431378 2.0653 1
0.655102 0.475142 16520 0
0.264863 0.264678 1.96931 1
0.62005 0.340046 15752 0
0.251703 0.318664 1.95095 1
0.615158 0.305608 15600 0
0.111215 -0.099674 2.11237 1
0.546995 0.556157 16896 0
0.180154 -0.527865 2.10722 1
0.576311 0.798129 16856 0
0.164036 -0.831507 2.13192 1
0.568679 0.964182 17048 0
0.267789 -0.848284 2.11017 1
0.613274 0.978427 16880 0
0.2504 -0.0970358 2.09185 1
0.606846 0.555207 16728 0
0.238281 -0.499499 2.08235 1
0.602138 0.785479 16656 0
0.255631 -0.816679 2.11327 1
0.607972 0.959927 16904 0
0.308035 -0.871178 2.099 1
0.630991 0.993954 16792 0
40
0.180271 -0.0276756 2.11587 1
0.576049 0.515567 16920 0
0.185221 0.0207292 2.16059 1
0.57652 0.488582 17280 0
0.177085 0.326159 2.17146 1
0.572792 0.32124 17368 0
0.187541 0.524102 2.17652 1
0.576911 0.21342 17408 0
0.0367893 0.241129 2.20605 1
0.514885 0.369915 17648 0
-0.00475482 0.00861619 2.17619 1
0.49805 0.495288 17408 0
0.0176856 -0.14286 2.05352 1
0.507687 0.582795 16424 0
0.046542 -0.188983 2.021 1
0.520556 0.611288 16168 0
0.358015 0.249599 2.16905 1
0.647328 0.363049 17352 0
0.359517 0.0439555 2.06366 1
0.655502 0.474651 16504 0
0.265309 0.26521 1.96849 1
0.620302 0.339657 15744 0
0.252122 0.319265 1.95009 1
0.615401 0.305155 15600 0
0.111425 -0.0995321 2.1123 1
0.547085 0.556079 16896 0
0.179742 -0.528316 2.1075 1
0.576127 0.798345 16856 0
0.164252 -0.831853 2.13179 1
0.568773 0.964402 17048 0
0.269291 -0.847666 2.10924 1
0.61396 0.978291 16872 0
0.250758 -0.0967247 2.09177 1
0.607003 0.555032 16728 0
0.238265 -0.499656 2.08239 1
0.60213 0.785563 16656 0
0.255638 -0.816679 2.11327 1
0.607975 0.959927 16904 0
0.308052 -0.871167 2.099 1
0.630998 0.993949 16784 0
40
0.180445 -0.027502 2.11581 1
0.576124 0.51547 16920 0
0.185368 0.021116 2.16064 1
0.576578 0.488369 17280 0
0.17702 0.318936 2.17139 1
0.572768 0.325193 17368 0
0.187667 0.524243 2.17639 1
0.576967 0.213326 17408 0
0.0369707 0.241115 2.20579 1
0.514961 0.369908 17640 0
-0.00452353 0.00831254 2.17603 1
0.498144 0.495454 17408 0
0.0177484 -0.14301 2.05327 1
0.507716 0.582892 16424 0
0.0473988 -0.187342 2.02082 1
0.520936 0.610332 16160 0
0.358735 0.250001 2.16858 1
0.647656 0.362798 17344 0
0.36012 0.0446308 2.06225 1
0.655869 0.474244 16496 0
0.265766 0.26572 1.96774 1
0.620555 0.339288 15736 0
0.252554 0.319832 1.9493 1
0.615646 0.30473 15592 0
0.111617 -0.0994099 2.11224 1
0.547168 0.556012 16896 0
0.179411 -0.52871 2.10775 1
0.575977 0.798532 16856 0
0.164456 -0.832159 2.13168 1
0.568862 0.964598 17048 0
0.270401 -0.847273 2.10858 1
0.614465 0.978218 16864 0
0.251012 -0.0965227 2.0917 1
0.607115 0.554919 16728 0
0.238285 -0.499916 2.08246 1
0.602135 0.785703 16656 0
0.255644 -0.81668 2.11327 1
0.607978 0.959927 16904 0
0.30807 -0.871164 2.09901 1
0.631005 0.993945 16792 0
40
0.18062 -0.0273525 2.11576 1
0.5762 0.515386 16920 0
0.185507 0.0214483 2.16069 1
0.576634 0.488186 17280 0
0.17708 0.318483 2.17171 1
0.572782 0.325467 17368 0
0.187852 0.524447 2.17625 1
0.577048 0.213195 17408 0
0.0371903 0.241114 2.20555 1
0.515051 0.369894 17640 0
-0.00422121 0.00823449 2.17604 1
0.498268 0.495496 17408 0
0.0178268 -0.142986 2.05319 1
0.50775 0.582882 16424 0
0.0482446 -0.185993 2.02064 1
0.521311 0.609547 16160 0
0.359362 0.249299 2.16768 1
0.647976 0.363127 17336 0
0.360713 0.0452469 2.06088 1
0.656229 0.473871 16480 0
0.266198 0.266225 1.96702 1
0.620795 0.338923 15736 0
0.252963 0.320385 1.94855 1
0.615878 0.304317 15584 0
0.111825 -0.0993041 2.11218 1
0.547256 0.555954 16896 0
0.179299 -0.529272 2.10803 1
0.57592 0.798809 16864 0
0.164635 -0.832383 2.13159 1
0.56894 0.964743 17048 0
0.271198 -0.846994 2.10814 1
0.614826 0.97816 16864 0
0.251253 -0.0963582 2.09163 1
0.607221 0.554827 16728 0
0.238343 -0.50024 2.08254 1
0.602156 0.785876 16656 0
0.255649 -0.816683 2.11328 1
0.607979 0.959928 16904 0
0.30803 -0.871257 2.09912 1
0.630981 0.99397 16792 0
40
0.180907 -0.0271869 2.11569 1
0.576323 0.515293 16920 0
0.1858 0.021877 2.16073 1
0.576753 0.48795 17280 0
0.178267 0.320843 2.1721 1
0.573256 0.324206 17376 0
0.188076 0.524628 2.17612 1
0.577145 0.21308 17408 0
0.0374872 0.241118 2.20528 1
0.515173 0.369876 17640 0
-0.00384582 0.00823076 2.17616 1
0.498423 0.495499 17408 0
0.0179374 -0.142906 2.05315 1
0.507798 0.582836 16424 0
0.0485205 -0.18391 2.02138 1
0.521425 0.60828 16168 0
0.359826 0.248177 2.16669 1
0.648235 0.363681 17328 0
0.361214 0.0457603 2.05969 1
0.656537 0.473559 16472 0
0.266634 0.266721 1.96631 1
0.621037 0.338565 15728 0
0.253378 0.320923 1.94782 1
0.616111 0.303915 15576 0
0.112137 -0.0991811 2.11212 1
0.54739 0.555886 16896 0
0.179239 -0.52977 2.10828 1
0.575885 0.799055 16864 0
0.164794 -0.832569 2.13151 1
0.569009 0.964863 17048 0
0.271734 -0.846851 2.1079 1
0.615066 0.978134 16856 0
0.251569 -0.096194 2.09156 1
0.60736 0.554736 16728 0
0.238405 -0.500558 2.08263 1
0.602178 0.786045 16656 0
0.255652 -0.816691 2.11328 1
0.60798 0.959931 16904 0
0.307965 -0.871399 2.0993 1
0.630942 0.994009 16792 0
40
0.181328 -0.0269482 2.11563 1
0.576503 0.515159 16920 0
0.186162 0.0223616 2.16081 1
0.5769 0.487684 17280 0
0.179317 0.323008 2.1725 1
0.573674 0.323051 17376 0
0.188351 0.524778 2.17602 1
0.577261 0.212985 17408 0
0.0377943 0.24112 2.20504 1
0.515299 0.36986 17640 0
-0.00343556 0.00827804 2.17633 1
0.498591 0.495473 17408 0
0.0181114 -0.142765 2.05314 1
0.507874 0.582755 16424 0
0.0487253 -0.183277 2.02149 1
0.521515 0.607902 16168 0
0.360204 0.248265 2.16652 1
0.648402 0.363622 17328 0
0.361652 0.0461705 2.05866 1
0.656805 0.473309 16464 0
0.267045 0.267176 1.96567 1
0.621263 0.338237 15720 0
0.253769 0.321411 1.94716 1
0.61633 0.30355 15576 0
0.112563 -0.0990262 2.11207 1
0.547571 0.5558 16896 0
0.179178 -0.530248 2.10852 1
0.575851 0.799291 16864 0
0.164935 -0.832712 2.13146 1
0.56907 0.964955 17048 0
0.272062 -0.846808 2.10783 1
0.615209 0.978125 16856 0
0.252044 -0.095936 2.09149 1
0.607566 0.554591 16728 0
0.238467 -0.500849 2.08271 1
0.602201 0.7862 16656 0
0.255655 -0.816703 2.11329 1
0.607982 0.959937 16904 0
0.307926 -0.871523 2.09948 1
0.630915 0.994037 16792 0
40
0.181731 -0.0267264 2.1156 1
0.576674 0.515035 16920 0
0.186455 0.0227046 2.1609 1
0.577018 0.487495 17280 0
0.18017 0.323588 2.17333 1
0.573996 0.322802 17384 0
0.188695 0.524884 2.17592 1
0.577405 0.212914 17400 0
0.0381513 0.241121 2.20481 1
0.515445 0.369847 17632 0
-0.00303922 0.0083404 2.17651 1
0.498754 0.495439 17408 0
0.0183145 -0.142603 2.05315 1
0.507962 0.582661 16424 0
0.0488601 -0.182823 2.02158 1
0.521573 0.60763 16168 0
0.360835 0.248235 2.16656 1
0.64866 0.36364 17328 0
0.362193 0.0466944 2.05736 1
0.657139 0.472989 16456 0
0.267478 0.267729 1.96497 1
0.621503 0.337844 15712 0
0.254183 0.321996 1.94645 1
0.616562 0.303121 15568 0
0.112966 -0.0988834 2.11203 1
0.547742 0.555721 16896 0
0.179249 -0.530732 2.10875 1
0.575873 0.799532 16864 0
0.165095 -0.832798 2.13142 1
0.569138 0.965011 17048 0
0.272261 -0.846814 2.10789 1
0.61529 0.978115 16856 0
0.252477 -0.0957131 2.09143 1
0.607754 0.554465 16728 0
0.238539 -0.501146 2.0828 1
0.602227 0.786358 16656 0
0.25566 -0.816719 2.1133 1
0.607983 0.959944 16904 0
0.307866 -0.871691 2.0997 1
0.630876 0.994081 16792 0
40
0.182143 -0.0264959 2.11561 1
0.576848 0.514905 16920 0
0.186735 0.0230056 2.16102 1
0.577129 0.48733 17288 0
0.181122 0.323901 2.17437 1
0.574352 0.322715 17392 0
0.189079 0.524933 2.17586 1
0.577565 0.212879 17400 0
0.0386063 0.241096 2.20458 1
0.515631 0.369846 17632 0
-0.00265367 0.00840849 2.17669 1
0.498912 0.495403 17408 0
0.0185839 -0.142429 2.05318 1
0.508079 0.582559 16424 0
0.0489595 -0.182501 2.02166 1
0.521616 0.607436 16168 0
0.362234 0.248296 2.16715 1
0.649195 0.363644 17336 0
0.363063 0.047891 2.05538 1
0.657668 0.47227 16440 0
0.268043 0.268715 1.96396 1
0.621822 0.337164 15704 0
0.254727 0.323014 1.94542 1
0.616873 0.302394 15560 0
0.113342 -0.0987407 2.11201 1
0.547902 0.555641 16896 0
0.179303 -0.531039 2.10893 1
0.575889 0.799679 16864 0
0.165307 -0.832862 2.13139 1
0.569228 0.965054 17048 0
0.272383 -0.84687 2.10802 1
0.615334 0.978118 16864 0
0.252885 -0.0955193 2.09138 1
0.60793 0.554356 16728 0
0.238618 -0.501462 2.08291 1
0.602255 0.786524 16656 0
0.255665 -0.816739 2.11331 1
0.607985 0.959953 16904 0
0.307811 -0.871855 2.09991 1
0.630839 0.994124 16792 0
40
0.182629 -0.0262398 2.11566 1
0.577051 0.514761 16920 0
0.187051 0.0232759 2.16121 1
0.577253 0.487183 17288 0
0.182276 0.323839 2.1757 1
0.57478 0.322857 17400 0
0.189461 0.524952 2.17579 1
0.577724 0.212859 17400 0
0.0394363 0.241075 2.20425 1
0.515969 0.369838 17632 0
-0.00223315 0.00850713 2.17687 1
0.499084 0.495349 17408 0
0.0189037 -0.142231 2.05322 1
0.508218 0.582443 16424 0
0.0490209 -0.182295 2.02178 1
0.521642 0.607309 16168 0
0.36437 0.249093 2.16861 1
0.649974 0.363299 17344 0
0.364689 0.0505839 2.05175 1
0.658654 0.470659 16408 0
0.268928 0.270636 1.96227 1
0.62233 0.335858 15696 0
0.255587 0.324971 1.94372 1
0.61737 0.301023 15544 0
0.113766 -0.0985711 2.11201 1
0.548081 0.555545 16896 0
0.179369 -0.531266 2.10909 1
0.575911 0.799785 16872 0
0.165507 -0.832907 2.13136 1
0.569313 0.965084 17048 0
0.272419 -0.846967 2.10822 1
0.615339 0.978128 16864 0
0.253299 -0.0953389 2.09135 1
0.608109 0.554255 16728 0
0.238706 -0.501773 2.08302 1
0.602288 0.786686 16664 0
0.255676 -0.816763 2.11332 1
0.607989 0.959964 16904 0
0.307742 -0.87205 2.10013 1
0.630796 0.994182 16800 0
40
0.183223 -0.025936 2.11577 1
0.577297 0.514589 16920 0
0.187479 0.02355 2.16146 1
0.577421 0.487033 17288 0
0.18364 0.323529 2.17717 1
0.575289 0.323147 17416 0
0.189918 0.524904 2.17567 1
0.577916 0.212869 17400 0
0.0405844 0.241059 2.20388 1
0.516437 0.369825 17624 0
-0.00172751 0.00840113 2.17688 1
0.499292 0.495407 17408 0
0.0192771 -0.142227 2.05312 1
0.508381 0.582444 16424 0
0.049058 -0.182406 2.0218 1
0.521658 0.607373 16168 0
0.366356 0.250046 2.17 1
0.650695 0.362864 17352 0
0.367793 0.0560928 2.04495 1
0.660537 0.467355 16352 0
0.270432 0.274358 1.95928 1
0.623201 0.333346 15672 0
0.260358 0.33283 1.95773 1
0.618706 0.297669 15656 0
0.114256 -0.0983539 2.11203 1
0.548287 0.555422 16896 0
0.17944 -0.531446 2.10923 1
0.575936 0.799867 16872 0
0.165671 -0.832945 2.13133 1
0.569382 0.965112 17048 0
0.254429 -0.855333 2.12133 1
0.607056 0.979866 16968 0
0.253759 -0.095145 2.09133 1
0.608306 0.554145 16728 0
0.238801 -0.502067 2.08313 1
0.602323 0.786838 16664 0
0.255692 -0.816789 2.11333 1
0.607995 0.959976 16904 0
0.307666 -0.872268 2.10037 1
0.630749 0.99425 16800 0
40
0.183938 -0.0255627 2.11595 1
0.577593 0.514378 16920 0
0.188098 0.0238884 2.16183 1
0.577664 0.486849 17288 0
0.185276 0.323345 2.17874 1
0.575905 0.323375 17424 0
0.19049 0.524886 2.17549 1
0.578157 0.212856 17400 0
0.0418694 0.241142 2.20354 1
0.51696 0.36976 17624 0
-0.00118806 0.00839619 2.17692 1
0.499513 0.49541 17408 0
0.0196483 -0.142168 2.05308 1
0.508542 0.582412 16424 0
0.0490774 -0.182469 2.02185 1
0.521666 0.607407 16168 0
0.368078 0.251102 2.17104 1
0.65133 0.36235 17368 0
0.370561 0.0611354 2.03834 1
0.66227 0.464305 16304 0
0.297992 0.253265 1.95993 1
0.635712 0.34621 15672 0
0.280833 0.300738 1.9889 1
0.626034 0.320044 15904 0
0.114833 -0.0980697 2.1121 1
0.54853 0.55526 16896 0
0.179532 -0.531586 2.10937 1
0.57597 0.799926 16872 0
0.165816 -0.832998 2.13131 1
0.569444 0.965147 17048 0
0.230495 -0.875929 2.12175 1
0.596967 0.991324 16968 0
0.254253 -0.0949298 2.09133 1
0.608517 0.554022 16728 0
0.2389 -0.502338 2.08326 1
0.602359 0.786976 16664 0
0.25571 -0.816817 2.11335 1
0.608002 0.959988 16904 0
0.307617 -0.872432 2.10053 1
0.630718 0.994304 16800 0
40
0.184758 -0.0251496 2.11619 1
0.57793 0.514144 16928 0
0.188895 0.0242644 2.1623 1
0.577975 0.486645 17296 0
0.187135 0.323322 2.18048 1
0.576605 0.323528 17440 0
0.191057 0.52486 2.17531 1
0.578396 0.212846 17400 0
0.0431415 0.24129 2.20326 1
0.517478 0.369664 17624 0
-0.000466972 0.00860164 2.17698 1
0.499809 0.495298 17408 0
0.0200513 -0.142007 2.05311 1
0.508717 0.582317 16424 0
0.0492228 -0.182437 2.02197 1
0.521729 0.607382 16168 0
0.369137 0.251786 2.17165 1
0.651723 0.362015 17368 0
0.374668 0.118457 2.00259 1
0.666997 0.429602 16016 0
0.280529 0.275367 1.96092 1
0.627694 0.332874 15680 0
0.272373 0.30399 2.00348 1
0.621348 0.319421 16024 0
0.11547 -0.0977632 2.11219 1
0.548797 0.555085 16896 0
0.179751 -0.531803 2.10954 1
0.576057 0.800024 16872 0
0.165954 -0.83307 2.13127 1
0.569503 0.965196 17048 0
0.240375 -0.870544 2.12028 1
0.601193 0.988642 16960 0
0.254793 -0.0946894 2.09135 1
0.608746 0.553885 16728 0
0.239 -0.502613 2.0834 1
0.602395 0.787113 16664 0
0.255725 -0.816836 2.11336 1
0.608007 0.959997 16904 0
0.307601 -0.87255 2.10067 1
0.630702 0.99434 16800 0
40
0.185759 -0.0246768 2.11648 1
0.578341 0.513876 16928 0
0.189903 0.0246968 2.16286 1
0.578372 0.48641 17296 0
0.188873 0.323443 2.18203 1
0.577262 0.323587 17456 0
0.191641 0.524818 2.17513 1
0.578643 0.212845 17400 0
0.0444686 0.241458 2.20301 1
0.518017 0.369558 17624 0
0.000216447 0.00885181 2.17709 1
0.500089 0.495161 17416 0
0.0204589 -0.141801 2.05319 1
0.508894 0.582195 16424 0
0.049404 -0.182393 2.02213 1
0.521808 0.607348 16176 0
0.370049 0.252479 2.17214 1
0.652064 0.361666 17376 0
0.377225 0.154098 1.98054 1
0.670009 0.407401 15840 0
0.273133 0.287304 1.96007 1
0.624382 0.325554 15680 0
0.266616 0.307869 2.01129 1
0.618322 0.317827 16088 0
0.116272 -0.0974154 2.11233 1
0.549133 0.554886 16896 0
0.180061 -0.532068 2.10972 1
0.576181 0.800148 16872 0
0.166071 -0.833137 2.13123 1
0.569553 0.965242 17048 0
0.237832 -0.870851 2.12489 1
0.599905 0.987752 16992 0
0.255552 -0.0943266 2.0914 1
0.609068 0.553677 16728 0
0.239091 -0.502851 2.08354 1
0.602427 0.78723 16664 0
0.255739 -0.816851 2.11337 1
0.608013 0.960002 16904 0
0.309151 -0.87086 2.10011 1
0.631396 0.993513 16800 0
40
0.187008 -0.0250464 2.11664 1
0.578862 0.514083 16928 0
0.192136 0.0245168 2.16336 1
0.579275 0.486513 17304 0
0.191395 0.32411 2.18378 1
0.57823 0.323365 17464 0
0.192225 0.524759 2.17487 1
0.578891 0.212843 17392 0
0.0457135 0.241714 2.20284 1
0.518523 0.36941 17616 0
0.00104093 0.00939082 2.17734 1
0.500427 0.494867 17416 0
0.0210198 -0.141315 2.0534 1
0.509137 0.581904 16424 0
0.0496235 -0.182262 2.02247 1
0.521901 0.607253 16176 0
0.329954 0.231004 2.15536 1
0.636643 0.372446 17240 0
0.381469 0.167069 1.96649 1
0.673149 0.39889 15728 0
0.271181 0.29205 1.96107 1
0.62343 0.322762 15688 0
0.263765 0.31016 2.01709 1
0.61672 0.316999 16136 0
0.117713 -0.0971211 2.11245 1
0.549739 0.554717 16896 0
0.180343 -0.532189 2.10989 1
0.576294 0.800192 16872 0
0.166172 -0.833194 2.1312 1
0.569597 0.965281 17048 0
0.236374 -0.871194 2.1272 1
0.599185 0.987416 17016 0
0.256066 -0.0940797 2.09144 1
0.609285 0.553536 16728 0
0.239178 -0.50305 2.0837 1
0.602457 0.787323 16664 0
0.255759 -0.816858 2.11339 1
0.60802 0.960003 16904 0
0.309835 -0.870167 2.0999 1
0.6317 0.99317 16792 0
40
0.188074 -0.0257369 2.11676 1
0.579307 0.51447 16928 0
0.194612 0.0240302 2.16372 1
0.580283 0.486782 17304 0
0.193583 0.324873 2.18518 1
0.579074 0.323063 17480 0
0.192782 0.524612 2.17453 1
0.579132 0.212879 17392 0
0.0467973 0.241957 2.20273 1
0.518963 0.369271 17616 0
0.00182037 0.00995633 2.17761 1
0.500746 0.494559 17416 0
0.0217019 -0.140723 2.05366 1
0.509432 0.581551 16424 0
0.0498719 -0.1821 2.02279 1
0.522007 0.60714 16176 0
0.316853 0.206923 2.12874 1
0.632858 0.384315 17024 0
0.394065 0.183752 1.92978 1
0.682269 0.386677 15432 0
0.266966 0.284344 1.98764 1
0.619887 0.329746 15896 0
0.258787 0.308483 2.03118 1
0.613723 0.319251 16248 0
0.118941 -0.0969295 2.11253 1
0.550255 0.554607 16896 0
0.180637 -0.532248 2.11005 1
0.576413 0.800203 16880 0
0.166246 -0.833245 2.13117 1
0.569629 0.965315 17048 0
0.250626 -0.861341 2.12161 1
0.605442 0.983171 16968 0
0.25632 -0.0939979 2.09147 1
0.609391 0.553488 16728 0
0.239274 -0.503204 2.08385 1
0.60249 0.78739 16664 0
0.255787 -0.81686 2.11341 1
0.608031 0.959999 16904 0
0.310321 -0.869685 2.09977 1
0.631915 0.992927 16792 0
40
0.188963 -0.0264346 2.11685 1
0.579679 0.514862 16928 0
0.196555 0.023571 2.16398 1
0.581074 0.487037 17304 0
0.195802 0.325919 2.18639 1
0.579936 0.322591 17488 0
0.193433 0.524236 2.17384 1
0.579425 0.212993 17384 0
0.0478711 0.242265 2.20264 1
0.519399 0.3691 17616 0
0.00262964 0.0107097 2.178 1
0.501078 0.494148 17416 0
0.0224401 -0.139916 2.05403 1
0.509751 0.581069 16432 0
0.0500401 -0.181864 2.02313 1
0.522077 0.606983 16184 0
0.311733 0.199417 2.12061 1
0.631213 0.388083 16960 0
0.397369 0.193477 1.91672 1
0.68505 0.379867 15328 0
0.274887 0.304947 1.99254 1
0.623141 0.317858 15936 0
0.259669 0.321411 2.03676 1
0.613798 0.312192 16288 0
0.119987 -0.0967686 2.11261 1
0.550696 0.554514 16896 0
0.181053 -0.53196 2.11023 1
0.576582 0.800014 16880 0
0.166309 -0.8333 2.13114 1
0.569656 0.965352 17048 0
0.258466 -0.856062 2.11849 1
0.608901 0.980919 16944 0
0.256497 -0.0939429 2.09151 1
0.609465 0.553456 16728 0
0.239374 -0.503324 2.084 1
0.602526 0.787437 16664 0
0.255823 -0.816855 2.11344 1
0.608045 0.959989 16904 0
0.310661 -0.869353 2.0997 1
0.632064 0.992757 16792 0
40
0.189691 -0.027073 2.11691 1
0.579983 0.51522 16928 0
0.198103 0.0231788 2.16417 1
0.581706 0.487253 17312 0
0.198492 0.327421 2.18729 1
0.581001 0.321847 17496 0
0.194828 0.52236 2.17114 1
0.580097 0.213664 17368 0
0.0490534 0.24264 2.20254 1
0.519879 0.368892 17616 0
0.00335259 0.0114209 2.17838 1
0.501374 0.49376 17424 0
0.0231641 -0.139117 2.0544 1
0.510064 0.580591 16432 0
0.0502804 -0.181538 2.02347 1
0.52218 0.606773 16184 0
0.309015 0.195193 2.11578 1
0.630365 0.390204 16920 0
0.399471 0.200188 1.90911 1
0.686771 0.375204 15272 0
0.286704 0.336163 1.97844 1
0.629349 0.297783 15824 0
0.264558 0.346807 2.02986 1
0.616335 0.296664 16232 0
0.120876 -0.096604 2.11266 1
0.55107 0.55442 16896 0
0.18149 -0.531272 2.11043 1
0.57676 0.799598 16880 0
0.166357 -0.833339 2.13112 1
0.569677 0.965379 17048 0
0.263165 -0.852859 2.11656 1
0.610982 0.979555 16928 0
0.256626 -0.0939074 2.09154 1
0.609519 0.553435 16728 0
0.239495 -0.503423 2.08418 1
0.602569 0.787468 16672 0
0.255876 -0.816845 2.1135 1
0.608064 0.959971 16904 0
0.311046 -0.868961 2.09958 1
0.632235 0.992562 16792 0
40
0.190406 -0.0276042 2.11694 1
0.580283 0.515519 16928 0
0.199628 0.0228874 2.1643 1
0.58233 0.487414 17312 0
0.201369 0.329206 2.18794 1
0.582151 0.320929 17496 0
0.195636 0.521554 2.1696 1
0.580487 0.213903 17352 0
0.0501559 0.243055 2.20248 1
0.520327 0.368663 17616 0
0.00401912 0.0121492 2.17879 1
0.501647 0.493364 17424 0
0.0238491 -0.138285 2.0548 1
0.51036 0.580094 16432 0
0.0504964 -0.181199 2.02389 1
0.52227 0.606552 16184 0
0.311043 0.19922 2.11472 1
0.631287 0.387883 16912 0
0.400376 0.206039 1.90606 1
0.687494 0.371351 15248 0
0.290684 0.351933 1.97217 1
0.631562 0.287623 15776 0
0.266917 0.364764 2.02486 1
0.617662 0.285607 16192 0
0.122026 -0.0962932 2.11274 1
0.551554 0.554243 16896 0
0.181903 -0.530533 2.11061 1
0.576928 0.799155 16880 0
0.166398 -0.833384 2.13109 1
0.569695 0.96541 17048 0
0.266101 -0.850869 2.11534 1
0.612285 0.978712 16920 0
0.256734 -0.0938558 2.09157 1
0.609563 0.553405 16728 0
0.239656 -0.503417 2.0844 1
0.602627 0.787435 16672 0
0.25613 -0.816888 2.11365 1
0.608164 0.959962 16904 0
0.311506 -0.868782 2.09935 1
0.632445 0.992514 16792 0
40
0.191072 -0.0280515 2.11696 1
0.580563 0.51577 16928 0
0.200992 0.0226695 2.16438 1
0.582889 0.487535 17312 0
0.203862 0.330854 2.18844 1
0.583149 0.320074 17504 0
0.197284 0.517618 2.16332 1
0.5814 0.215238 17304 0
0.0512304 0.243428 2.20241 1
0.520763 0.368458 17616 0
0.00463151 0.012849 2.17924 1
0.501897 0.492983 17432 0
0.0244921 -0.137477 2.05517 1
0.510637 0.579612 16440 0
0.0506339 -0.180935 2.02439 1
0.522326 0.606371 16192 0
0.314504 0.204441 2.11568 1
0.632687 0.384997 16920 0
0.399928 0.21257 1.90693 1
0.687197 0.367335 15248 0
0.291515 0.361448 1.96952 1
0.632116 0.281587 15752 0
0.267257 0.377633 2.0219 1
0.617984 0.277719 16168 0
0.123173 -0.0959299 2.11282 1
0.552036 0.554036 16896 0
0.182358 -0.529375 2.11079 1
0.577114 0.798477 16880 0
0.166431 -0.833441 2.13106 1
0.56971 0.965448 17048 0
0.268024 -0.849568 2.11455 1
0.613138 0.978161 16912 0
0.256835 -0.0937895 2.0916 1
0.609605 0.553366 16728 0
0.239904 -0.503236 2.0847 1
0.602718 0.78729 16672 0
0.256607 -0.816974 2.1139 1
0.608352 0.959957 16904 0
0.312019 -0.868766 2.099 1
0.632685 0.992586 16792 0
40
0.191632 -0.0283825 2.11697 1
0.580799 0.515956 16928 0
0.202139 0.0225295 2.16444 1
0.58336 0.487612 17312 0
0.205947 0.332239 2.1889 1
0.583982 0.319359 17504 0
0.198324 0.515255 2.15943 1
0.581977 0.216027 17272 0
0.0521318 0.24374 2.20235 1
0.521129 0.368286 17616 0
0.00514625 0.0134278 2.17964 1
0.502107 0.492668 17432 0
0.0250693 -0.136752 2.05549 1
0.510886 0.579179 16440 0
0.0507307 -0.180718 2.02487 1
0.522363 0.606217 16192 0
0.318335 0.209824 2.11732 1
0.6342 0.38206 16936 0
0.398812 0.219444 1.90981 1
0.686394 0.36325 15272 0
0.290914 0.368603 1.96754 1
0.631976 0.27704 15736 0
0.266736 0.387592 2.01947 1
0.617896 0.271582 16152 0
0.124172 -0.0955419 2.11291 1
0.552456 0.553815 16896 0
0.182791 -0.528144 2.11094 1
0.577292 0.797762 16880 0
0.16649 -0.83351 2.13102 1
0.569736 0.965496 17048 0
0.269406 -0.848669 2.11398 1
0.613752 0.977783 16904 0
0.256927 -0.09368 2.09163 1
0.609643 0.553303 16728 0
0.24027 -0.502819 2.08511 1
0.602855 0.786995 16680 0
0.257295 -0.817084 2.11424 1
0.608625 0.959943 16912 0
0.312515 -0.868904 2.09856 1
0.632924 0.992768 16784 0
40
0.192678 -0.0284798 2.11696 1
0.581241 0.516011 16928 0
0.203772 0.0226703 2.1645 1
0.584031 0.487535 17312 0
0.207833 0.333527 2.18933 1
0.584734 0.318694 17512 0
0.198733 0.514577 2.15814 1
0.582195 0.216231 17264 0
0.0529541 0.244025 2.2023 1
0.521462 0.368129 17616 0
0.00566193 0.0139684 2.18003 1
0.502318 0.492374 17440 0
0.0255756 -0.136151 2.05575 1
0.511105 0.578821 16440 0
0.0508033 -0.180569 2.02535 1
0.52239 0.606104 16200 0
0.321854 0.214594 2.11911 1
0.635568 0.379481 16952 0
0.397546 0.225966 1.91335 1
0.685459 0.359447 15304 0
0.289893 0.374591 1.96586 1
0.631625 0.273224 15720 0
0.266189 0.396051 2.01721 1
0.617786 0.266336 16136 0
0.125898 -0.0946947 2.11302 1
0.553183 0.553335 16904 0
0.183337 -0.525919 2.11104 1
0.577519 0.796493 16888 0
0.166535 -0.833592 2.13097 1
0.569756 0.965552 17040 0
0.270379 -0.848026 2.11358 1
0.614184 0.97751 16904 0
0.257508 -0.0930244 2.09162 1
0.609891 0.552931 16728 0
0.240705 -0.502166 2.0856 1
0.603017 0.786556 16680 0
0.258073 -0.817186 2.11463 1
0.608934 0.959917 16912 0
0.312814 -0.869252 2.09813 1
0.633079 0.993068 16784 0
40
0.193493 -0.028357 2.11701 1
0.581582 0.515942 16936 0
0.205061 0.0229757 2.1646 1
0.584559 0.487368 17312 0
0.209294 0.334595 2.18972 1
0.585314 0.318146 17512 0
0.198805 0.5184 2.16187 1
0.582083 0.214617 17288 0
0.0536594 0.244277 2.20226 1
0.521749 0.36799 17616 0
0.00623373 0.0145562 2.18043 1
0.502552 0.492055 17440 0
0.0260234 -0.135593 2.05601 1
0.511298 0.578489 16448 0
0.0508702 -0.180499 2.02622 1
0.522409 0.606019 16208 0
0.324714 0.218232 2.12053 1
0.636682 0.37752 16960 0
0.396876 0.231371 1.91651 1
0.684841 0.356322 15328 0
0.289006 0.379129 1.96457 1
0.631308 0.270326 15712 0
0.265809 0.402635 2.01533 1
0.617727 0.262229 16120 0
0.127186 -0.0936547 2.1133 1
0.553719 0.552742 16904 0
0.183891 -0.522949 2.11108 1
0.577752 0.794814 16888 0
0.166569 -0.833674 2.13093 1
0.569772 0.965608 17040 0
0.27108 -0.847569 2.11329 1
0.614497 0.977319 16904 0
0.257981 -0.0921746 2.09162 1
0.610093 0.552447 16728 0
0.241156 -0.501211 2.08613 1
0.603184 0.785938 16688 0
0.258858 -0.817254 2.11502 1
0.609245 0.959871 16920 0
0.312972 -0.869719 2.09782 1
0.633165 0.993404 16776 0
40
0.194368 -0.028021 2.11709 1
0.581948 0.515752 16936 0
0.206315 0.0234557 2.16473 1
0.585071 0.487105 17312 0
0.21054 0.335571 2.19009 1
0.585807 0.317647 17520 0
0.198069 0.522269 2.16583 1
0.581629 0.213012 17320 0
0.0543464 0.244521 2.20222 1
0.522027 0.367856 17616 0
0.00687361 0.0152333 2.18085 1
0.502813 0.491687 17440 0
0.0264287 -0.1351 2.05624 1
0.511472 0.578194 16448 0
0.0508009 -0.180562 2.02722 1
0.522368 0.606003 16216 0
0.327768 0.222222 2.1218 1
0.637885 0.375355 16968 0
0.396587 0.235422 1.9187 1
0.684496 0.353973 15344 0
0.288294 0.382539 1.96345 1
0.63106 0.268128 15704 0
0.265577 0.407715 2.01365 1
0.617723 0.259029 16104 0
0.128372 -0.0925396 2.11361 1
0.554213 0.552107 16904 0
0.184383 -0.520085 2.11108 1
0.57796 0.793199 16888 0
0.166585 -0.833736 2.13088 1
0.56978 0.965652 17040 0
0.271495 -0.847373 2.11314 1
0.61468 0.977242 16904 0
0.258566 -0.0910642 2.09161 1
0.610343 0.551815 16728 0
0.241573 -0.500242 2.08662 1
0.603337 0.785317 16688 0
0.259627 -0.817308 2.11539 1
0.60955 0.959819 16920 0
0.312986 -0.87033 2.09754 1
0.633189 0.993817 16776 0
40
0.195251 -0.0275057 2.11718 1
0.582317 0.515462 16936 0
0.207443 0.0240452 2.16485 1
0.585531 0.486781 17312 0
0.211503 0.336373 2.19039 1
0.586189 0.317235 17520 0
0.198067 0.523097 2.16649 1
0.581603 0.212645 17328 0
0.0549622 0.24472 2.20217 1
0.522277 0.367745 17616 0
0.00747342 0.0158485 2.18122 1
0.503058 0.491353 17448 0
0.0267794 -0.134681 2.05644 1
0.511624 0.577944 16448 0
0.0507128 -0.180641 2.02812 1
0.522319 0.606003 16224 0
0.330995 0.228258 2.12372 1
0.639116 0.372085 16984 0
0.396367 0.238898 1.92088 1
0.684183 0.351985 15360 0
0.2874 0.385536 1.96215 1
0.63074 0.266157 15696 0
0.26982 0.433895 1.98962 1
0.621048 0.240459 15912 0
0.129456 -0.0914099 2.11392 1
0.554662 0.551463 16904 0
0.184924 -0.517265 2.11102 1
0.57819 0.791617 16888 0
0.166601 -0.833786 2.13085 1
0.569788 0.965688 17040 0
0.271709 -0.847337 2.11308 1
0.614773 0.977235 16904 0
0.259198 -0.089734 2.0916 1
0.610614 0.551059 16728 0
0.241944 -0.499349 2.08705 1
0.603475 0.78475 16696 0
0.26038 -0.817357 2.11576 1
0.609849 0.959768 16920 0
0.313045 -0.870835 2.09733 1
0.633228 0.994154 16776 0
40
0.196195 -0.0267502 2.11729 1
0.582711 0.515036 16936 0
0.208524 0.0248 2.16498 1
0.585972 0.486367 17312 0
0.212309 0.337091 2.19063 1
0.586507 0.316865 17520 0
0.198264 0.523469 2.16643 1
0.581687 0.212433 17328 0
0.0556233 0.244934 2.20208 1
0.522546 0.367624 17616 0
0.00812184 0.0165117 2.18153 1
0.503323 0.490992 17448 0
0.027084 -0.134335 2.05661 1
0.511755 0.577737 16448 0
0.0506152 -0.180742 2.02889 1
0.522268 0.606022 16224 0
0.333327 0.232694 2.1251 1
0.640006 0.369683 17000 0
0.396433 0.242586 1.92296 1
0.684015 0.349863 15376 0
0.289971 0.392024 1.96203 1
0.631917 0.262207 15696 0
0.273676 0.446446 1.98194 1
0.623254 0.231916 15848 0
0.130497 -0.0902179 2.11427 1
0.555093 0.550784 16912 0
0.185409 -0.514418 2.11092 1
0.578399 0.790026 16880 0
0.166643 -0.833819 2.13081 1
0.569806 0.965714 17040 0
0.271851 -0.847399 2.11308 1
0.614834 0.977271 16904 0
0.259888 -0.0881836 2.09154 1
0.610911 0.550178 16728 0
0.242264 -0.498487 2.08744 1
0.603593 0.784206 16696 0
0.261078 -0.817391 2.11609 1
0.610126 0.959714 16928 0
0.313009 -0.871412 2.09719 1
0.633221 0.994515 16776 0
40
0.197705 -0.0255207 2.11734 1
0.583345 0.514345 16936 0
0.209854 0.0258538 2.16505 1
0.586517 0.485788 17320 0
0.212929 0.337718 2.1908 1
0.586753 0.316539 17520 0
0.205744 0.513139 2.14942 1
0.585439 0.215878 17192 0
0.0565554 0.245351 2.20181 1
0.522927 0.367382 17608 0
0.00881795 0.017477 2.18188 1
0.503607 0.490467 17448 0
0.0273478 -0.134045 2.05675 1
0.511868 0.577564 16448 0
0.0504799 -0.180888 2.02962 1
0.5222 0.606069 16232 0
0.334938 0.235623 2.12592 1
0.640628 0.368095 17000 0
0.39662 0.245766 1.9245 1
0.683954 0.348017 15392 0
0.291712 0.39677 1.96214 1
0.632702 0.259341 15696 0
0.275965 0.454352 1.97734 1
0.624574 0.226533 15816 0
0.132271 -0.0886555 2.11462 1
0.555832 0.549896 16912 0
0.185861 -0.511637 2.11078 1
0.578596 0.788478 16880 0
0.166698 -0.833782 2.13076 1
0.569831 0.965705 17040 0
0.271869 -0.847524 2.11312 1
0.614839 0.977333 16904 0
0.261323 -0.0860024 2.09129 1
0.611536 0.548943 16728 0
0.242525 -0.497616 2.08779 1
0.603687 0.783662 16696 0
0.261709 -0.817401 2.1164 1
0.610376 0.959653 16928 0
0.312933 -0.871929 2.09708 1
0.633196 0.994833 16776 0
40
0.199142 -0.0242945 2.11736 1
0.58395 0.513655 16936 0
0.211034 0.0268611 2.1651 1
0.587002 0.485235 17320 0
0.213368 0.338213 2.19093 1
0.586927 0.316281 17520 0
0.209232 0.508298 2.14132 1
0.587216 0.217493 17128 0
0.0576687 0.245834 2.20141 1
0.523383 0.367098 17608 0
0.00946059 0.0186624 2.18227 1
0.50387 0.489822 17456 0
0.0275924 -0.13379 2.05686 1
0.511974 0.577413 16448 0
0.0502622 -0.181078 2.03032 1
0.522097 0.606144 16240 0
0.336236 0.238296 2.12654 1
0.641132 0.366637 17008 0
0.39682 0.248821 1.9257 1
0.683933 0.346223 15400 0
0.293072 0.400872 1.9623 1
0.63331 0.256874 15696 0
0.277515 0.459967 1.97431 1
0.625466 0.222729 15792 0
0.133969 -0.0871929 2.11492 1
0.556541 0.549066 16912 0
0.186353 -0.508506 2.11053 1
0.578813 0.786746 16880 0
0.166914 -0.8333 2.1306 1
0.569927 0.965471 17040 0
0.271844 -0.847674 2.11321 1
0.614824 0.977397 16904 0
0.262755 -0.0839282 2.09101 1
0.612163 0.547769 16728 0
0.242759 -0.496741 2.08809 1
0.603772 0.783122 16704 0
0.262299 -0.817381 2.11668 1
0.61061 0.95958 16928 0
0.312601 -0.872696 2.09713 1
0.633051 0.995257 16776 0
40
0.20059 -0.0230701 2.11729 1
0.584563 0.512968 16936 0
0.212177 0.0278868 2.16507 1
0.587474 0.484671 17320 0
0.213708 0.338715 2.19102 1
0.587062 0.316015 17528 0
0.211879 0.505182 2.13539 1
0.588566 0.218445 17080 0
0.0592618 0.246387 2.2007 1
0.524036 0.366755 17600 0
0.0100269 0.0197258 2.18256 1
0.504101 0.489244 17456 0
0.0278214 -0.133582 2.05696 1
0.512073 0.577289 16448 0
0.0500347 -0.181292 2.03092 1
0.52199 0.606238 16240 0
0.337303 0.240358 2.12692 1
0.641554 0.365507 17008 0
0.397099 0.251572 1.9265 1
0.683986 0.344587 15408 0
0.294382 0.404431 1.96249 1
0.633893 0.254739 15696 0
0.278742 0.464108 1.97227 1
0.626151 0.219944 15776 0
0.135658 -0.0858263 2.1151 1
0.557249 0.548293 16920 0
0.186844 -0.505725 2.11026 1
0.579031 0.785214 16880 0
0.167278 -0.832616 2.13036 1
0.570087 0.965141 17040 0
0.27183 -0.847838 2.1133 1
0.614813 0.977469 16904 0
0.264208 -0.082016 2.09066 1
0.612802 0.546688 16720 0
0.242303 -0.490477 2.08812 1
0.603575 0.779547 16704 0
0.263048 -0.81653 2.11693 1
0.610913 0.959049 16928 0
0.310971 -0.873116 2.09794 1
0.632306 0.995304 16776 0
40
0.20194 -0.0217688 2.11721 1
0.585136 0.512237 16936 0
0.213269 0.0290258 2.16502 1
0.587927 0.484044 17320 0
0.213972 0.339257 2.19106 1
0.587168 0.315724 17528 0
0.213022 0.503805 2.13267 1
0.589157 0.218854 17056 0
0.0605506 0.246865 2.20009 1
0.524566 0.36646 17600 0
0.010481 0.0206083 2.18279 1
0.504286 0.488764 17456 0
0.0280315 -0.13342 2.05703 1
0.512164 0.577192 16456 0
0.0502859 -0.18104 2.03092 1
0.522101 0.60609 16240 0
0.338116 0.242191 2.12714 1
0.641881 0.364495 17016 0
0.397413 0.254548 1.92705 1
0.684079 0.342794 15416 0
0.295501 0.407851 1.96269 1
0.634388 0.25269 15696 0
0.279724 0.46738 1.97096 1
0.62668 0.217781 15760 0
0.137101 -0.0846001 2.11525 1
0.557854 0.547599 16920 0
0.188203 -0.50345 2.10961 1
0.57963 0.784019 16872 0
0.167408 -0.832436 2.13028 1
0.570145 0.965059 17040 0
0.27175 -0.848057 2.11341 1
0.614773 0.977567 16904 0
0.265522 -0.0802348 2.0903 1
0.613383 0.545682 16720 0
0.242077 -0.486607 2.0882 1
0.603475 0.777331 16704 0
0.263839 -0.815812 2.11716 1
0.611234 0.958594 16936 0
0.309664 -0.873624 2.09839 1
0.631722 0.995484 16784 0
40
0.203286 -0.0202077 2.11709 1
0.585708 0.51136 16936 0
0.214396 0.0304932 2.16492 1
0.588395 0.483237 17312 0
0.214247 0.340127 2.191 1
0.587282 0.315247 17520 0
0.213743 0.502983 2.13079 1
0.589537 0.219065 17040 0
0.0619489 0.249461 2.19941 1
0.525141 0.365014 17592 0
0.0108371 0.0213419 2.18297 1
0.504431 0.488365 17456 0
0.0282126 -0.133296 2.05709 1
0.512242 0.577118 16456 0
0.0502846 -0.181054 2.0311 1
0.522098 0.606089 16248 0
0.338697 0.243692 2.12716 1
0.642123 0.363657 17016 0
0.397849 0.257679 1.9273 1
0.684256 0.340881 15416 0
0.301817 0.415767 1.96356 1
0.637199 0.248001 15704 0
0.283233 0.472046 1.97097 1
0.628268 0.214965 15760 0
0.138486 -0.0832379 2.11539 1
0.558434 0.54683 16920 0
0.189619 -0.501861 2.10895 1
0.580254 0.783211 16864 0
0.167494 -0.832321 2.13022 1
0.570182 0.965006 17040 0
0.271635 -0.848262 2.11352 1
0.614718 0.977657 16904 0
0.266719 -0.0784898 2.08993 1
0.613914 0.544697 16712 0
0.241911 -0.483864 2.08825 1
0.603402 0.775762 16704 0
0.263989 -0.815053 2.11735 1
0.611288 0.958126 16936 0
0.308939 -0.873563 2.09883 1
0.631386 0.995347 16784 0
40
0.204578 -0.0187077 2.11692 1
0.58626 0.510517 16928 0
0.215423 0.0319049 2.16478 1
0.588824 0.48246 17312 0
0.21438 0.341095 2.19088 1
0.587341 0.314711 17520 0
0.214043 0.502853 2.12969 1
0.589709 0.218993 17032 0
0.0632761 0.251046 2.19852 1
0.52569 0.364101 17584 0
0.0111092 0.0219349 2.18309 1
0.504542 0.488042 17464 0
0.0283871 -0.133213 2.05714 1
0.512317 0.577069 16456 0
0.0502679 -0.181085 2.03123 1
0.52209 0.606101 16248 0
0.339412 0.245893 2.12703 1
0.642432 0.362417 17016 0
0.398559 0.260971 1.92737 1
0.684579 0.338854 15416 0
0.305793 0.421226 1.96415 1
0.638966 0.244769 15712 0
0.286065 0.475782 1.97133 1
0.629526 0.212763 15768 0
0.139866 -0.0819569 2.11547 1
0.559014 0.546107 16920 0
0.190783 -0.500671 2.10838 1
0.580769 0.782616 16864 0
0.167609 -0.832228 2.13016 1
0.570233 0.964968 17040 0
0.271571 -0.848444 2.11361 1
0.614686 0.977739 16904 0
0.268021 -0.0767368 2.08948 1
0.614495 0.543708 16712 0
0.241835 -0.48202 2.0883 1
0.603367 0.774705 16704 0
0.263851 -0.814431 2.11748 1
0.611223 0.957749 16936 0
0.308384 -0.873322 2.09927 1
0.631123 0.995107 16792 0
40
0.205635 -0.0174234 2.11676 1
0.586712 0.509796 16928 0
0.21628 0.0331694 2.16463 1
0.589184 0.481763 17312 0
0.214413 0.342125 2.1907 1
0.587362 0.314137 17520 0
0.21408 0.503176 2.12912 1
0.589749 0.218737 17032 0
0.0643111 0.252338 2.19779 1
0.526119 0.363357 17576 0
0.0113941 0.0226645 2.1831 1
0.504659 0.487644 17464 0
0.0285459 -0.133151 2.05717 1
0.512386 0.577031 16456 0
0.0499634 -0.181299 2.03137 1
0.521954 0.606219 16248 0
0.339928 0.247658 2.12684 1
0.642662 0.361417 17008 0
0.399211 0.264362 1.92729 1
0.684888 0.336754 15416 0
0.308299 0.425415 1.96439 1
0.640087 0.242263 15712 0
0.288228 0.478918 1.97177 1
0.630477 0.210933 15768 0
0.140993 -0.0808894 2.11553 1
0.559488 0.545506 16920 0
0.191468 -0.499895 2.10804 1
0.581072 0.782223 16864 0
0.167696 -0.832153 2.13011 1
0.570271 0.964936 17040 0
0.271487 -0.848619 2.1137 1
0.614646 0.977816 16904 0
0.269087 -0.0752872 2.08905 1
0.614973 0.542891 16712 0
0.241789 -0.480751 2.08833 1
0.603345 0.773976 16704 0
0.263434 -0.813888 2.11755 1
0.611043 0.957429 16936 0
0.307957 -0.872912 2.09972 1
0.630913 0.994767 16792 0
40
0.206544 -0.0161782 2.11658 1
0.587103 0.509097 16928 0
0.217047 0.0344975 2.16444 1
0.589508 0.481031 17312 0
0.214376 0.343533 2.19031 1
0.587362 0.313338 17520 0
0.214023 0.503804 2.12867 1
0.589744 0.218326 17024 0
0.0651097 0.253429 2.19716 1
0.526451 0.362726 17576 0
0.0116415 0.0233139 2.18306 1
0.50476 0.48729 17464 0
0.0286728 -0.133089 2.0572 1
0.512441 0.576994 16456 0
0.0492878 -0.181673 2.03162 1
0.521655 0.606425 16248 0
0.340308 0.249102 2.12662 1
0.642835 0.360594 17008 0
0.399726 0.267573 1.92714 1
0.685141 0.334758 15416 0
0.309997 0.428752 1.96453 1
0.640848 0.24026 15712 0
0.289952 0.481608 1.9723 1
0.631222 0.209387 15776 0
0.141935 -0.0799109 2.11557 1
0.559885 0.544954 16920 0
0.19224 -0.499158 2.10759 1
0.581416 0.781867 16856 0
0.167781 -0.832058 2.13006 1
0.570308 0.964895 17040 0
0.271402 -0.848754 2.11378 1
0.614606 0.977875 16904 0
0.269994 -0.0739687 2.08867 1
0.615382 0.542147 16704 0
0.24176 -0.47985 2.08836 1
0.603332 0.773459 16704 0
0.2629 -0.813434 2.11758 1
0.610816 0.957166 16936 0
0.307754 -0.872258 2.10017 1
0.630799 0.994291 16800 0
40
0.207324 -0.0150075 2.11638 1
0.58744 0.508439 16928 0
0.217722 0.0357901 2.16421 1
0.589796 0.480319 17312 0
0.214227 0.345029 2.18985 1
0.58732 0.312486 17512 0
0.213829 0.504713 2.12847 1
0.589671 0.217791 17024 0
0.0657016 0.254332 2.19665 1
0.526697 0.362205 17568 0
0.011887 0.0239184 2.18293 1
0.504861 0.48696 17456 0
0.028784 -0.133034 2.05722 1
0.512489 0.576962 16456 0
0.0482983 -0.182139 2.03188 1
0.521217 0.606684 16248 0
0.340489 0.250551 2.12632 1
0.642931 0.359764 17008 0
0.396712 0.284163 1.92717 1
0.683742 0.324515 15416 0
0.306913 0.441373 1.9672 1
0.639258 0.232976 15736 0
0.289553 0.489297 1.97506 1
0.630858 0.205161 15800 0
0.142755 -0.0790007 2.11558 1
0.56023 0.544442 16920 0
0.192708 -0.49864 2.10731 1
0.581625 0.781612 16856 0
0.167894 -0.831927 2.12999 1
0.570358 0.964837 17032 0
0.27134 -0.848862 2.11385 1
0.614576 0.977921 16904 0
0.270798 -0.0727017 2.08829 1
0.615747 0.541433 16704 0
0.24174 -0.479199 2.08838 1
0.603322 0.773085 16704 0
0.262346 -0.813066 2.11759 1
0.610583 0.956959 16936 0
0.307688 -0.871539 2.10057 1
0.630746 0.993791 16800 0
40
0.207982 -0.0138609 2.11617 1
0.587726 0.507795 16928 0
0.218259 0.0371259 2.16397 1
0.590027 0.479582 17304 0
0.213948 0.346992 2.18923 1
0.587231 0.311366 17512 0
0.213517 0.505903 2.12848 1
0.58954 0.217128 17024 0
0.0666906 0.257477 2.19565 1
0.527112 0.360437 17560 0
0.0120817 0.0244366 2.18278 1
0.504941 0.486676 17456 0
0.0288796 -0.132991 2.05723 1
0.51253 0.576937 16456 0
0.0470067 -0.18262 2.03198 1
0.520649 0.60696 16248 0
0.340548 0.251853 2.12601 1
0.642977 0.359014 17008 0
0.394963 0.293388 1.92714 1
0.682935 0.318815 15416 0
0.304741 0.448959 1.96869 1
0.638168 0.228593 15744 0
0.288926 0.495378 1.97727 1
0.630429 0.20183 15816 0
0.143539 -0.0779636 2.11555 1
0.560562 0.543859 16920 0
0.193083 -0.498193 2.10704 1
0.581795 0.781395 16856 0
0.167965 -0.831731 2.12992 1
0.57039 0.964742 17032 0
0.271279 -0.848917 2.11389 1
0.614548 0.977941 16904 0
0.271444 -0.0714979 2.08794 1
0.616042 0.540754 16696 0
0.241726 -0.478725 2.0884 1
0.603315 0.772813 16704 0
0.261811 -0.812777 2.11757 1
0.610358 0.956799 16936 0
0.307671 -0.870894 2.10089 1
0.630718 0.99335 16800 0
40
0.208607 -0.0126667 2.11593 1
0.588 0.507124 16920 0
0.218764 0.0384837 2.1637 1
0.590247 0.478832 17304 0
0.213674 0.34877 2.18865 1
0.587142 0.310349 17504 0
0.212482 0.507939 2.1295 1
0.589063 0.216125 17032 0
0.0674188 0.259963 2.19485 1
0.527418 0.359039 17552 0
0.0122355 0.0248837 2.18262 1
0.505004 0.486432 17456 0
0.0289637 -0.132957 2.05724 1
0.512567 0.576916 16456 0
0.0454907 -0.183117 2.03202 1
0.519983 0.607249 16256 0
0.340549 0.25325 2.12564 1
0.643002 0.358208 17000 0
0.394432 0.29717 1.92701 1
0.682702 0.316467 15416 0
0.30425 0.452225 1.96919 1
0.63791 0.226688 15752 0
0.288925 0.498643 1.97839 1
0.630355 0.200036 15824 0
0.144283 -0.0769072 2.11549 1
0.560878 0.543266 16920 0
0.193415 -0.497702 2.10674 1
0.581947 0.781158 16848 0
0.168049 -0.83128 2.12982 1
0.570428 0.964512 17032 0
0.271167 -0.848945 2.11393 1
0.614499 0.97795 16904 0
0.272075 -0.0702413 2.08758 1
0.616332 0.540044 16696 0
0.241721 -0.478376 2.08841 1
0.603312 0.772613 16704 0
0.261272 -0.812563 2.11755 1
0.610132 0.956685 16936 0
0.307658 -0.870365 2.10116 1
0.630696 0.992985 16808 0
40
0.209096 -0.0116705 2.11571 1
0.588215 0.506565 16920 0
0.219149 0.0396298 2.16346 1
0.590416 0.478199 17304 0
0.213318 0.350344 2.18812 1
0.587018 0.309447 17504 0
0.212029 0.509262 2.12965 1
0.588867 0.215407 17032 0
0.067944 0.261908 2.19421 1
0.527639 0.357943 17552 0
0.0123577 0.0253095 2.18243 1
0.505054 0.486198 17456 0
0.029043 -0.132927 2.05724 1
0.512601 0.576899 16456 0
0.0439248 -0.183556 2.03193 1
0.519295 0.607511 16248 0
0.340497 0.254373 2.12532 1
0.643002 0.357557 17000 0
0.394165 0.299444 1.92685 1
0.682594 0.315047 15408 0
0.30405 0.454272 1.96944 1
0.637802 0.225486 15752 0
0.289066 0.50057 1.97902 1
0.630377 0.198973 15832 0
0.144891 -0.0760022 2.11542 1
0.561136 0.542758 16920 0
0.193688 -0.497253 2.10646 1
0.582074 0.780942 16848 0
0.168158 -0.830784 2.12971 1
0.570477 0.964259 17032 0
0.271071 -0.848975 2.11395 1
0.614457 0.977961 16904 0
0.272568 -0.069199 2.08727 1
0.61656 0.539456 16696 0
0.241715 -0.478117 2.08842 1
0.60331 0.772464 16704 0
0.260767 -0.812405 2.11753 1
0.60992 0.956601 16936 0
0.307632 -0.869959 2.10146 1
0.630666 0.992685 16808 0
40
0.209482 -0.0108577 2.11551 1
0.588386 0.506108 16920 0
0.219428 0.0405566 2.16324 1
0.59054 0.477687 17304 0
0.212936 0.351635 2.18767 1
0.58688 0.308706 17496 0
0.211561 0.510431 2.12985 1
0.588663 0.21478 17032 0
0.0683666 0.2629 2.19364 1
0.527818 0.357367 17544 0
0.0124298 0.0256578 2.18223 1
0.505084 0.486007 17456 0
0.0291084 -0.132898 2.05723 1
0.51263 0.576883 16456 0
0.0423524 -0.183934 2.03183 1
0.518606 0.607738 16248 0
0.340429 0.255355 2.12506 1
0.642991 0.35699 17000 0
0.394213 0.29988 1.92651 1
0.682647 0.314746 15408 0
0.304071 0.454916 1.96929 1
0.637822 0.225075 15752 0
0.289171 0.501901 1.97945 1
0.630396 0.198237 15832 0
0.145398 -0.0752487 2.11533 1
0.561353 0.542336 16920 0
0.194066 -0.496911 2.10608 1
0.582249 0.780799 16848 0
0.168223 -0.830562 2.12964 1
0.570507 0.964149 17032 0
0.270996 -0.849004 2.11397 1
0.614424 0.977973 16904 0
0.272963 -0.0683334 2.087 1
0.616744 0.538968 16688 0
0.24171 -0.477929 2.08842 1
0.603307 0.772357 16704 0
0.260201 -0.812305 2.11751 1
0.609683 0.956549 16936 0
0.307672 -0.869485 2.10173 1
0.630667 0.992354 16808 0
40
0.209768 -0.0101292 2.11532 1
0.588515 0.505699 16920 0
0.219612 0.0413667 2.16304 1
0.590624 0.47724 17304 0
0.212522 0.352699 2.18733 1
0.586725 0.308097 17496 0
0.211397 0.511086 2.12975 1
0.588598 0.2144 17032 0
0.0686257 0.263583 2.19322 1
0.527929 0.35697 17544 0
0.0124568 0.0260079 2.18201 1
0.505096 0.485815 17456 0
0.0291673 -0.132871 2.05723 1
0.512655 0.576867 16456 0
0.0399838 -0.184379 2.03179 1
0.517565 0.608001 16248 0
0.340363 0.256159 2.12486 1
0.642977 0.356526 16992 0
0.394832 0.296544 1.92585 1
0.682997 0.316744 15400 0
0.304893 0.45273 1.96833 1
0.638262 0.226263 15744 0
0.28947 0.502507 1.97972 1
0.630513 0.197914 15832 0
0.145783 -0.0745863 2.11521 1
0.561518 0.541966 16920 0
0.194383 -0.496577 2.10571 1
0.582397 0.78066 16840 0
0.168282 -0.830329 2.12958 1
0.570534 0.964034 17032 0
0.270918 -0.849023 2.11398 1
0.614391 0.977981 16904 0
0.273269 -0.0676066 2.08676 1
0.616889 0.538558 16688 0
0.24171 -0.477811 2.08842 1
0.603308 0.77229 16704 0
0.259676 -0.812273 2.11749 1
0.609462 0.956535 16936 0
0.307658 -0.869199 2.10195 1
0.630647 0.992141 16808 0
40
0.209982 -0.00957887 2.11513 1
0.588613 0.50539 16920 0
0.21973 0.0419694 2.16287 1
0.59068 0.476906 17296 0
0.212165 0.353474 2.18708 1
0.586589 0.307652 17496 0
0.210076 0.512194 2.13112 1
0.587987 0.213965 17048 0
0.0686979 0.263671 2.19268 1
0.527965 0.356887 17536 0
0.0124485 0.026289 2.18179 1
0.505093 0.48566 17448 0
0.0292079 -0.132831 2.05722 1
0.512673 0.576844 16456 0
0.0380408 -0.184667 2.03181 1
0.516712 0.608168 16248 0
0.340241 0.256861 2.12478 1
0.642931 0.356128 16992 0
0.395528 0.289168 1.92535 1
0.683367 0.321255 15400 0
0.305459 0.446176 1.9675 1
0.638577 0.230112 15736 0
0.289782 0.501289 1.98005 1
0.630632 0.198696 15840 0
0.146087 -0.0740898 2.11507 1
0.561651 0.54169 16920 0
0.194545 -0.496359 2.10546 1
0.582476 0.780569 16840 0
0.168323 -0.830127 2.12951 1
0.570553 0.963935 17032 0
0.270833 -0.849035 2.11399 1
0.614354 0.977985 16904 0
0.2735 -0.0670482 2.08654 1
0.616999 0.538243 16688 0
0.241717 -0.477766 2.0884 1
0.603311 0.772267 16704 0
0.259134 -0.812313 2.11747 1
0.609235 0.95656 16936 0
0.30766 -0.86895 2.10214 1
0.630636 0.991956 16816 0
40
0.210059 -0.00913536 2.11495 1
0.588653 0.505141 16912 0
0.219724 0.0424632 2.1627 1
0.590685 0.476633 17296 0
0.211669 0.354095 2.18685 1
0.586396 0.307294 17488 0
0.209427 0.512261 2.13141 1
0.587704 0.213966 17048 0
0.0681401 0.263237 2.19229 1
0.527743 0.357097 17536 0
0.0124074 0.0265084 2.18161 1
0.505076 0.485539 17448 0
0.0292437 -0.132785 2.0572 1
0.512689 0.576819 16456 0
0.0363502 -0.184897 2.03186 1
0.515969 0.6083 16248 0
0.340113 0.257364 2.12471 1
0.642882 0.355841 16992 0
0.395464 0.281629 1.92468 1
0.683402 0.325854 15392 0
0.305802 0.439833 1.96615 1
0.638828 0.233767 15728 0
0.290051 0.499162 1.97999 1
0.630757 0.199966 15832 0
0.146157 -0.0736932 2.11488 1
0.561686 0.54147 16912 0
0.194631 -0.496176 2.10523 1
0.582521 0.780497 16840 0
0.168345 -0.829958 2.12946 1
0.570564 0.963851 17032 0
0.255414 -0.852535 2.12408 1
0.607332 0.977677 16992 0
0.27364 -0.0666426 2.08638 1
0.617069 0.538015 16688 0
0.24173 -0.477778 2.08838 1
0.603318 0.772276 16704 0
0.25862 -0.812395 2.11746 1
0.609019 0.956609 16936 0
0.30769 -0.868713 2.10233 1
0.630637 0.991776 16816 0
40
0.209522 -0.00889065 2.11472 1
0.588437 0.505004 16912 0
0.219243 0.0427432 2.16249 1
0.590495 0.476476 17296 0
0.211187 0.354449 2.18668 1
0.586206 0.307087 17488 0
0.208904 0.511349 2.13083 1
0.587509 0.214398 17040 0
0.0672197 0.262348 2.19196 1
0.527373 0.357558 17528 0
0.0123189 0.0266553 2.18142 1
0.505041 0.485458 17448 0
0.0292567 -0.132674 2.05719 1
0.512694 0.576755 16456 0
0.0352093 -0.184944 2.03194 1
0.515467 0.608323 16248 0
0.339806 0.257707 2.12472 1
0.642752 0.35565 16992 0
0.394509 0.270267 1.92442 1
0.682984 0.332858 15392 0
0.304217 0.427994 1.96531 1
0.638168 0.240821 15720 0
0.289357 0.492891 1.98004 1
0.630441 0.203742 15840 0
0.145381 -0.0734682 2.11451 1
0.561369 0.541351 16912 0
0.194556 -0.4961 2.10497 1
0.5825 0.780489 16832 0
0.168359 -0.829881 2.12944 1
0.570571 0.963814 17032 0
0.255087 -0.851947 2.12348 1
0.607225 0.977482 16984 0
0.272922 -0.0664971 2.08619 1
0.616772 0.537935 16688 0
0.241754 -0.477841 2.08834 1
0.60333 0.772318 16704 0
0.258163 -0.812509 2.11745 1
0.608826 0.956675 16936 0
0.307735 -0.86851 2.10248 1
0.630647 0.991626 16816 0
40
0.208539 -0.00891064 2.11444 1
0.588033 0.505015 16912 0
0.218313 0.0427538 2.16227 1
0.590121 0.476468 17296 0
0.210667 0.354607 2.18657 1
0.585998 0.306992 17488 0
0.208565 0.509262 2.12927 1
0.587431 0.215356 17032 0
0.0652203 0.260315 2.19193 1
0.526559 0.35866 17528 0
0.0121639 0.0267445 2.18123 1
0.504978 0.485408 17448 0
0.0292451 -0.132544 2.05719 1
0.512689 0.576679 16456 0
0.0343512 -0.184944 2.03201 1
0.515089 0.608319 16256 0
0.337331 0.254559 2.1254 1
0.641668 0.357459 17000 0
0.391863 0.25615 1.92528 1
0.681674 0.34166 15400 0
0.284329 0.398399 1.95877 1
0.629566 0.257937 15664 0
0.277365 0.47267 1.97645 1
0.625262 0.21538 15808 0
0.143869 -0.0735548 2.11396 1
0.560747 0.54141 16904 0
0.194245 -0.496246 2.10465 1
0.58238 0.780614 16832 0
0.168333 -0.830017 2.12944 1
0.57056 0.963889 17032 0
0.256072 -0.851115 2.122 1
0.607714 0.977348 16976 0
0.271829 -0.0666402 2.08605 1
0.616312 0.538019 16688 0
0.241784 -0.477938 2.08828 1
0.603346 0.77238 16704 0
0.257708 -0.812651 2.11744 1
0.608635 0.956757 16936 0
0.307802 -0.86829 2.1026 1
0.630667 0.991473 16816 0
40
0.205869 -0.0101296 2.11403 1
0.586923 0.505703 16912 0
0.215996 0.041697 2.16193 1
0.589178 0.477046 17288 0
0.20967 0.354259 2.18648 1
0.585594 0.307173 17488 0
0.208435 0.505205 2.12631 1
0.587498 0.21723 17008 0
0.0632104 0.258223 2.19201 1
0.525739 0.359801 17536 0
0.01185 0.0267976 2.18106 1
0.50485 0.485377 17448 0
0.0292157 -0.132394 2.05719 1
0.512676 0.576593 16456 0
0.0337888 -0.184918 2.03205 1
0.514842 0.608302 16256 0
0.332787 0.245644 2.12456 1
0.639814 0.362397 16992 0
0.389927 0.243562 1.92469 1
0.680832 0.349394 15392 0
0.277568 0.383374 1.95723 1
0.626585 0.266883 15656 0
0.270754 0.457236 1.97501 1
0.622365 0.224474 15800 0
0.140743 -0.0745852 2.11319 1
0.559449 0.542005 16904 0
0.193522 -0.497022 2.10425 1
0.582089 0.781106 16832 0
0.168279 -0.830464 2.12948 1
0.570536 0.96413 17032 0
0.257717 -0.850277 2.12023 1
0.608496 0.977276 16960 0
0.268814 -0.0683221 2.08596 1
0.615027 0.53898 16680 0
0.241794 -0.478082 2.08821 1
0.603353 0.772471 16704 0
0.257288 -0.812825 2.11743 1
0.608459 0.956858 16936 0
0.307869 -0.868106 2.10269 1
0.630691 0.991349 16816 0
40
0.202017 -0.0128134 2.11339 1
0.585322 0.507216 16904 0
0.212675 0.0393667 2.16137 1
0.58783 0.478323 17288 0
0.208539 0.353387 2.18627 1
0.585141 0.307629 17488 0
0.20776 0.501015 2.12356 1
0.587327 0.219212 16984 0
0.0609253 0.255848 2.19232 1
0.524805 0.36111 17536 0
0.0113941 0.0268 2.18092 1
0.504663 0.485375 17440 0
0.0291529 -0.132235 2.05719 1
0.512649 0.576501 16456 0
0.0333456 -0.184859 2.03205 1
0.514647 0.608267 16256 0
0.326801 0.234662 2.12442 1
0.637308 0.368539 16992 0
0.385689 0.225651 1.92478 1
0.678859 0.360476 15392 0
0.274336 0.371194 1.95646 1
0.62516 0.274201 15648 0
0.266525 0.442843 1.97396 1
0.620518 0.233005 15784 0
0.136673 -0.076705 2.11221 1
0.557757 0.54322 16896 0
0.191533 -0.500827 2.10389 1
0.58126 0.783307 16824 0
0.1683 -0.830836 2.12952 1
0.570543 0.964329 17032 0
0.259799 -0.849492 2.11838 1
0.609468 0.977253 16944 0
0.264462 -0.071458 2.08589 1
0.613169 0.540771 16680 0
0.2418 -0.478357 2.08811 1
0.603361 0.772641 16704 0
0.256893 -0.813091 2.11742 1
0.608293 0.957009 16936 0
0.308143 -0.867743 2.10269 1
0.630807 0.991144 16816 0
40
0.197128 -0.0175906 2.11258 1
0.583289 0.50991 16896 0
0.208285 0.0351506 2.16066 1
0.586045 0.480639 17280 0
0.206795 0.351664 2.18604 1
0.584438 0.308547 17488 0
0.206799 0.49745 2.12169 1
0.587 0.220964 16968 0
0.0582399 0.253556 2.19302 1
0.523705 0.362398 17544 0
0.0108924 0.0267565 2.1808 1
0.504458 0.485398 17440 0
0.0290664 -0.132094 2.0572 1
0.512612 0.576419 16456 0
0.0329983 -0.184809 2.03207 1
0.514495 0.608238 16256 0
0.315988 0.217117 2.12446 1
0.632763 0.378371 16992 0
0.382497 0.209305 1.92649 1
0.677221 0.370698 15408 0
0.270832 0.357194 1.95662 1
0.623551 0.282735 15648 0
0.261736 0.426656 1.97345 1
0.618384 0.242697 15784 0
0.13227 -0.0801043 2.11107 1
0.555926 0.545159 16888 0
0.188453 -0.506855 2.10378 1
0.579957 0.786732 16824 0
0.168328 -0.831175 2.12956 1
0.570554 0.964509 17032 0
0.26084 -0.849094 2.11739 1
0.609958 0.977251 16936 0
0.259041 -0.0764829 2.08588 1
0.610849 0.543638 16680 0
0.241805 -0.478987 2.08795 1
0.603371 0.773021 16696 0
0.256455 -0.813649 2.11743 1
0.608107 0.957319 16936 0
0.30856 -0.867366 2.10252 1
0.630994 0.99097 16816 0
40
0.191704 -0.0238672 2.1116 1
0.581035 0.513452 16888 0
0.203161 0.0294401 2.15979 1
0.583962 0.483777 17272 0
0.204183 0.348886 2.18571 1
0.583384 0.31003 17480 0
0.205822 0.494291 2.12054 1
0.586636 0.222586 16960 0
0.055976 0.251766 2.1937 1
0.522776 0.363412 17544 0
0.0103243 0.0266718 2.18072 1
0.504226 0.485444 17440 0
0.02891 -0.131932 2.05722 1
0.512544 0.576324 16456 0
0.0327482 -0.184734 2.03207 1
0.514385 0.608193 16256 0
0.307756 0.203594 2.1246 1
0.629295 0.385954 16992 0
0.386 0.155306 1.93986 1
0.677611 0.404718 15512 0
0.276986 0.323503 1.95615 1
0.626389 0.30318 15648 0
0.26634 0.380388 1.97183 1
0.620565 0.270412 15768 0
0.12792 -0.0841564 2.10989 1
0.554117 0.54747 16872 0
0.186026 -0.511946 2.10376 1
0.578928 0.789615 16824 0
0.168345 -0.831441 2.12961 1
0.570559 0.964648 17032 0
0.249684 -0.858162 2.12729 1
0.604765 0.980104 17016 0
0.252735 -0.0833264 2.08576 1
0.608157 0.547546 16680 0
0.241731 -0.480326 2.08772 1
0.603351 0.773815 16696 0
0.255975 -0.81482 2.11752 1
0.607901 0.957959 16936 0
0.309377 -0.866864 2.10215 1
0.631364 0.990771 16816 0
40
0.189247 -0.025743 2.11146 1
0.580002 0.51451 16888 0
0.198443 0.0265752 2.15983 1
0.582011 0.485356 17272 0
0.201382 0.345548 2.18562 1
0.582243 0.31184 17480 0
0.188343 0.514352 2.15445 1
0.578031 0.21587 17232 0
0.0542246 0.250397 2.19428 1
0.522058 0.364191 17552 0
0.00971359 0.0265186 2.18063 1
0.503976 0.485527 17440 0
0.0287289 -0.131782 2.05725 1
0.512465 0.576236 16456 0
0.0325697 -0.184648 2.03205 1
0.514306 0.608144 16256 0
0.339857 0.247204 2.16422 1
0.640168 0.36406 17312 0
0.372401 0.105845 1.98815 1
0.667192 0.43664 15904 0
0.281032 0.294813 1.9575 1
0.628147 0.320758 15656 0
0.268591 0.347014 1.9726 1
0.621537 0.290636 15776 0
0.124978 -0.0866148 2.10925 1
0.552888 0.548872 16872 0
0.18416 -0.51598 2.10378 1
0.578136 0.791894 16824 0
0.16838 -0.831659 2.12966 1
0.570572 0.964759 17032 0
0.245899 -0.860524 2.13036 1
0.603029 0.980731 17040 0
0.250138 -0.086049 2.08581 1
0.607043 0.549098 16680 0
0.241616 -0.482242 2.0875 1
0.603312 0.774935 16696 0
0.255575 -0.81588 2.11759 1
0.607729 0.958541 16936 0
0.310101 -0.866456 2.10182 1
0.631692 0.990618 16808 0
40
0.187506 -0.0269119 2.11141 1
0.579267 0.515169 16888 0
0.195273 0.024947 2.15993 1
0.580697 0.486254 17272 0
0.197216 0.341552 2.18508 1
0.580562 0.31397 17480 0
0.179732 0.524917 2.17193 1
0.573864 0.212368 17368 0
0.0524272 0.249203 2.19506 1
0.521319 0.364886 17560 0
0.00906539 0.0262634 2.18056 1
0.503711 0.485666 17440 0
0.0285142 -0.13163 2.0573 1
0.512371 0.576147 16456 0
0.0325654 -0.184439 2.03197 1
0.514305 0.608026 16248 0
0.356179 0.262696 2.18029 1
0.645817 0.356605 17440 0
0.365893 0.0524727 2.03302 1
0.660644 0.469283 16264 0
0.283367 0.270575 1.96164 1
0.628939 0.335842 15688 0
0.269513 0.321412 1.97623 1
0.62173 0.306439 15808 0
0.122804 -0.0883457 2.10887 1
0.551978 0.549857 16864 0
0.182744 -0.519539 2.10387 1
0.577531 0.793895 16824 0
0.168401 -0.831837 2.12971 1
0.57058 0.964847 17032 0
0.24406 -0.861668 2.13179 1
0.60219 0.981048 17048 0
0.248501 -0.0878065 2.08585 1
0.606341 0.5501 16680 0
0.241534 -0.485313 2.08738 1
0.603283 0.776702 16696 0
0.255271 -0.816768 2.11764 1
0.607598 0.959028 16936 0
0.310661 -0.866202 2.10161 1
0.631943 0.990522 16808 0
40
0.186146 -0.0276869 2.11141 1
0.578693 0.515606 16888 0
0.193064 0.0240456 2.15995 1
0.579783 0.486751 17272 0
0.187563 0.338938 2.18147 1
0.576746 0.315088 17448 0
0.176129 0.529329 2.17935 1
0.572137 0.210938 17432 0
0.0508839 0.248285 2.19579 1
0.520684 0.365429 17560 0
0.00842152 0.0259944 2.18054 1
0.503447 0.485812 17440 0
0.0282595 -0.131495 2.05736 1
0.51226 0.576066 16456 0
0.0326246 -0.18423 2.03189 1
0.514332 0.607908 16248 0
0.36426 0.258899 2.17913 1
0.649204 0.358603 17432 0
0.364093 0.030016 2.05222 1
0.658359 0.482593 16416 0
0.282638 0.252826 1.96642 1
0.628295 0.346983 15728 0
0.263347 0.297811 1.97468 1
0.619038 0.320511 15792 0
0.120996 -0.0897769 2.10863 1
0.551218 0.550671 16864 0
0.181333 -0.523638 2.10432 1
0.576916 0.796151 16832 0
0.168416 -0.831944 2.12976 1
0.570584 0.964896 17032 0
0.242091 -0.862427 2.13158 1
0.601375 0.981519 17048 0
0.247367 -0.0890911 2.08589 1
0.605854 0.550832 16680 0
0.241424 -0.488861 2.0873 1
0.60324 0.778735 16696 0
0.255032 -0.817516 2.11768 1
0.607495 0.959439 16936 0
0.311018 -0.866101 2.1015 1
0.632102 0.990492 16808 0
40
0.185119 -0.0281804 2.11143 1
0.578258 0.515884 16888 0
0.191427 0.0235543 2.15994 1
0.579107 0.487022 17272 0
0.181126 0.338799 2.17813 1
0.574225 0.314881 17424 0
0.173897 0.531835 2.18373 1
0.57108 0.210151 17464 0
0.049451 0.247585 2.19647 1
0.520096 0.36585 17568 0
0.00783891 0.0257521 2.18055 1
0.503209 0.485945 17440 0
0.0279756 -0.131365 2.05746 1
0.512137 0.575987 16456 0
0.0328163 -0.18397 2.03183 1
0.514416 0.607759 16248 0
0.367385 0.251449 2.17289 1
0.650917 0.362278 17376 0
0.363143 0.0168195 2.06318 1
0.657106 0.490298 16504 0
0.281055 0.239615 1.97171 1
0.627234 0.355368 15768 0
0.26138 0.28726 1.97451 1
0.618159 0.326856 15792 0
0.119628 -0.090872 2.10847 1
0.550643 0.551293 16864 0
0.180588 -0.525874 2.10461 1
0.57659 0.797374 16832 0
0.168434 -0.832011 2.12983 1
0.570589 0.964919 17032 0
0.251397 -0.858743 2.12567 1
0.605564 0.980794 17000 0
0.24658 -0.0900589 2.08593 1
0.605515 0.551383 16680 0
0.241329 -0.491841 2.08728 1
0.603201 0.780438 16696 0
0.254847 -0.818122 2.11771 1
0.607415 0.959773 16936 0
0.311288 -0.866056 2.10142 1
0.632222 0.990484 16808 0
40
0.184359 -0.0284412 2.11148 1
0.577935 0.516031 16888 0
0.190262 0.0233725 2.15993 1
0.578626 0.487122 17272 0
0.178567 0.339875 2.17603 1
0.573247 0.314114 17408 0
0.173218 0.532964 2.18504 1
0.57076 0.20971 17480 0
0.0481707 0.247127 2.19706 1
0.51957 0.366134 17576 0
0.00729395 0.0255348 2.18057 1
0.502986 0.486064 17440 0
0.0275484 -0.131199 2.05764 1
0.51195 0.575885 16456 0
0.0330898 -0.183651 2.03185 1
0.514536 0.607571 16248 0
0.366846 0.244652 2.16628 1
0.651155 0.365591 17328 0
0.364862 0.00888715 2.07223 1
0.657161 0.494896 16576 0
0.246748 0.221484 1.97584 1
0.611469 0.366592 15800 0
0.228921 0.273129 1.96632 1
0.603917 0.334687 15728 0
0.118652 -0.0916527 2.10838 1
0.550232 0.551736 16864 0
0.179999 -0.527947 2.10512 1
0.576322 0.798473 16840 0
0.168447 -0.832058 2.12989 1
0.570593 0.964931 17032 0
0.254886 -0.857435 2.1234 1
0.607144 0.980575 16984 0
0.24609 -0.0907824 2.086 1
0.605301 0.551794 16680 0
0.241257 -0.494058 2.08727 1
0.60317 0.781704 16696 0
0.2547 -0.818617 2.11773 1
0.607353 0.960047 16936 0
0.311505 -0.86604 2.10137 1
0.632317 0.990488 16808 0
40
0.183841 -0.0285189 2.11155 1
0.577713 0.516074 16888 0
0.189476 0.0234148 2.15994 1
0.578301 0.487098 17272 0
0.177516 0.341096 2.17447 1
0.572868 0.313313 17392 0
0.173934 0.53226 2.18294 1
0.571121 0.209815 17456 0
0.0470147 0.246822 2.19755 1
0.519096 0.366329 17576 0
0.00678565 0.0253286 2.18061 1
0.502778 0.486176 17440 0
0.0270047 -0.131025 2.05789 1
0.511713 0.575774 16456 0
0.0411029 -0.184567 2.02856 1
0.518086 0.608283 16224 0
0.364653 0.239083 2.16105 1
0.650615 0.368333 17288 0
0.369808 0.00560401 2.08085 1
0.658632 0.496795 16640 0
0.237274 0.209874 1.97793 1
0.607076 0.373718 15816 0
0.208203 0.256128 1.96331 1
0.594657 0.34474 15704 0
0.117973 -0.0922117 2.10831 1
0.549946 0.552053 16864 0
0.179417 -0.529394 2.10557 1
0.576059 0.799228 16840 0
0.168449 -0.832126 2.12998 1
0.570591 0.964949 17032 0
0.25751 -0.856693 2.12165 1
0.608337 0.980557 16968 0
0.245953 -0.0913192 2.08615 1
0.605235 0.552097 16688 0
0.241191 -0.49569 2.08728 1
0.603142 0.782633 16696 0
0.254591 -0.819015 2.11775 1
0.607306 0.960268 16936 0
0.31168 -0.866067 2.10135 1
0.632393 0.990508 16808 0
40
0.183839 -0.0282842 2.11175 1
0.577705 0.51594 16888 0
0.189294 0.0238102 2.16003 1
0.578222 0.486881 17280 0
0.178153 0.342462 2.17357 1
0.57316 0.312487 17384 0
0.176007 0.530177 2.17825 1
0.572124 0.210328 17424 0
0.0460551 0.246644 2.19788 1
0.518704 0.366445 17576 0
0.00630456 0.0251323 2.18062 1
0.502581 0.486283 17440 0
0.0264139 -0.13086 2.05816 1
0.511455 0.575669 16464 0
0.0424249 -0.18412 2.02838 1
0.518669 0.60803 16224 0
0.362535 0.235332 2.15778 1
0.649967 0.370202 17256 0
0.376365 0.00587675 2.08915 1
0.660803 0.496652 16712 0
0.226058 0.198325 1.98179 1
0.601816 0.3809 15848 0
0.203121 0.248377 1.96203 1
0.592407 0.34934 15696 0
0.117577 -0.0926211 2.10826 1
0.54978 0.552285 16864 0
0.178835 -0.530569 2.10606 1
0.575794 0.799823 16848 0
0.168452 -0.832178 2.13008 1
0.570588 0.964958 17040 0
0.259592 -0.856106 2.12025 1
0.609284 0.980543 16960 0
0.247066 -0.0916189 2.08678 1
0.60568 0.552252 16688 0
0.241133 -0.496906 2.0873 1
0.603116 0.783323 16696 0
0.25451 -0.819334 2.11775 1
0.607271 0.960445 16936 0
0.311825 -0.866148 2.10137 1
0.632453 0.990549 16808 0
40
0.184505 -0.0277574 2.11206 1
0.577975 0.515641 16896 0
0.189834 0.0245433 2.1602 1
0.578439 0.486478 17280 0
0.180719 0.34396 2.1732 1
0.574226 0.311635 17384 0
0.178739 0.527824 2.17263 1
0.573432 0.210869 17376 0
0.0453285 0.246535 2.19803 1
0.518407 0.366513 17584 0
0.0058833 0.0249698 2.18062 1
0.502408 0.486372 17440 0
0.0258179 -0.130715 2.05844 1
0.511195 0.575576 16464 0
0.0433073 -0.183572 2.02843 1
0.519057 0.607706 16224 0
0.360765 0.233037 2.1559 1
0.649365 0.371356 17240 0
0.382136 0.00815867 2.09576 1
0.662753 0.495367 16760 0
0.220191 0.191492 1.98441 1
0.599042 0.385155 15872 0
0.214044 0.238106 1.95875 1
0.597539 0.355328 15664 0
0.117647 -0.0929176 2.1082 1
0.549811 0.552454 16864 0
0.178371 -0.531435 2.10651 1
0.575582 0.800248 16848 0
0.168452 -0.832208 2.13018 1
0.570585 0.964953 17040 0
0.256616 -0.855412 2.12089 1
0.607999 0.980009 16960 0
0.249157 -0.0916809 2.08783 1
0.60652 0.552261 16696 0
0.241082 -0.497795 2.08733 1
0.603093 0.783825 16696 0
0.254451 -0.819587 2.11776 1
0.607246 0.960587 16936 0
0.311907 -0.866352 2.10144 1
0.632483 0.990648 16808 0
40
0.185638 -0.0270055 2.1125 1
0.578438 0.515214 16896 0
0.190799 0.0254434 2.16047 1
0.578828 0.485984 17280 0
0.184375 0.344845 2.17324 1
0.575726 0.311153 17384 0
0.181447 0.525712 2.1675 1
0.574721 0.211344 17336 0
0.0446236 0.246622 2.19796 1
0.518122 0.366462 17576 0
0.00536016 0.0248326 2.18057 1
0.502194 0.486447 17440 0
0.0252511 -0.130594 2.05869 1
0.510948 0.575496 16464 0
0.0437922 -0.183014 2.02863 1
0.519269 0.607368 16224 0
0.359345 0.231642 2.15485 1
0.64885 0.372064 17232 0
0.386345 0.0093864 2.10131 1
0.664112 0.494684 16808 0
0.216988 0.18639 1.98681 1
0.597484 0.38835 15888 0
0.231257 0.228361 1.95801 1
0.605423 0.361197 15664 0
0.118043 -0.0930702 2.10816 1
0.549979 0.552541 16864 0
0.178007 -0.532077 2.10692 1
0.575412 0.800551 16848 0
0.168452 -0.832212 2.13029 1
0.570582 0.96493 17040 0
0.250462 -0.858609 2.12244 1
0.605332 0.981451 16976 0
0.251693 -0.0915488 2.0892 1
0.607534 0.552151 16712 0
0.241038 -0.498456 2.08736 1
0.603072 0.784198 16696 0
0.254411 -0.819743 2.11776 1
0.607229 0.960675 16936 0
0.31198 -0.866522 2.10154 1
0.632508 0.990721 16808 0
40
0.186953 -0.0262614 2.11295 1
0.578976 0.514792 16896 0
0.191897 0.0263161 2.16074 1
0.579272 0.485505 17280 0
0.18763 0.345439 2.17336 1
0.577059 0.310839 17384 0
0.18368 0.524077 2.16325 1
0.575789 0.211676 17304 0
0.0439238 0.246763 2.19761 1
0.51784 0.366364 17576 0
0.00389227 0.0233294 2.17923 1
0.501594 0.487259 17432 0
0.0246782 -0.131219 2.05848 1
0.510701 0.575865 16464 0
0.0441997 -0.183003 2.02853 1
0.519449 0.607366 16224 0
0.358024 0.23081 2.15431 1
0.64834 0.372491 17232 0
0.389309 0.00976066 2.10597 1
0.665005 0.494484 16840 0
0.223031 0.183729 1.98728 1
0.600175 0.38997 15896 0
0.222036 0.222093 1.96346 1
0.600938 0.365381 15704 0
0.118707 -0.0931395 2.10811 1
0.550261 0.552581 16864 0
0.177618 -0.5324 2.10753 1
0.575226 0.800647 16856 0
0.16845 -0.83221 2.13041 1
0.570577 0.964902 17040 0
0.243288 -0.86396 2.12466 1
0.602208 0.983945 16992 0
0.254254 -0.0913972 2.09064 1
0.608553 0.552029 16720 0
0.241 -0.498949 2.0874 1
0.603054 0.784475 16696 0
0.254382 -0.819874 2.11775 1
0.607218 0.96075 16936 0
0.312039 -0.866685 2.10165 1
0.632527 0.990788 16808 0
40
0.188347 -0.0255895 2.11338 1
0.579549 0.51441 16904 0
0.193065 0.0271147 2.161 1
0.579745 0.485067 17288 0
0.190342 0.345837 2.17348 1
0.578169 0.310631 17384 0
0.1856 0.522734 2.15963 1
0.57671 0.211933 17272 0
0.0432543 0.246954 2.19702 1
0.517573 0.366225 17576 0
0.00255966 0.0221243 2.17798 1
0.501049 0.487911 17416 0
0.0241363 -0.131814 2.05825 1
0.510467 0.576218 16464 0
0.0444497 -0.183018 2.02847 1
0.519559 0.607379 16224 0
0.356826 0.230346 2.15406 1
0.647861 0.372733 17232 0
0.391318 0.0101025 2.10938 1
0.665588 0.4943 16872 0
0.228623 0.182607 1.98796 1
0.602652 0.390679 15896 0
0.217919 0.220058 1.96605 1
0.598936 0.36679 15728 0
0.119596 -0.0931664 2.10806 1
0.550639 0.552598 16864 0
0.177275 -0.532586 2.10796 1
0.575065 0.800691 16856 0
0.168424 -0.832113 2.13062 1
0.570559 0.964803 17040 0
0.249156 -0.860847 2.12215 1
0.604797 0.982773 16976 0
0.256639 -0.091254 2.09198 1
0.609501 0.551914 16728 0
0.240971 -0.499322 2.08743 1
0.60304 0.784683 16696 0
0.254362 -0.819976 2.11774 1
0.60721 0.960809 16936 0
0.312029 -0.866949 2.10178 1
0.632514 0.990906 16808 0
40
0.189798 -0.0249677 2.1138 1
0.580146 0.514057 16904 0
0.194224 0.0278484 2.16126 1
0.580214 0.484665 17288 0
0.192577 0.346123 2.17361 1
0.579082 0.310486 17384 0
0.187061 0.521818 2.15699 1
0.577409 0.212085 17248 0
0.0426587 0.247281 2.19593 1
0.51734 0.365982 17560 0
0.00136794 0.0212972 2.1768 1
0.500561 0.488356 17408 0
0.0237023 -0.132282 2.05806 1
0.51028 0.576495 16464 0
0.0446004 -0.183026 2.02842 1
0.519626 0.607386 16224 0
0.355665 0.230271 2.15418 1
0.647372 0.372781 17232 0
0.392575 0.0104207 2.11189 1
0.665923 0.494128 16888 0
0.230727 0.181629 1.98865 1
0.603561 0.391302 15904 0
0.217934 0.222631 1.96825 1
0.598832 0.365383 15744 0
0.120717 -0.0931158 2.10801 1
0.551115 0.552571 16864 0
0.176977 -0.5325 2.1084 1
0.574924 0.800579 16864 0
0.168397 -0.831984 2.13084 1
0.57054 0.964683 17040 0
0.251609 -0.859573 2.12104 1
0.605884 0.982309 16968 0
0.258816 -0.091075 2.09327 1
0.610362 0.551781 16744 0
0.240941 -0.499604 2.08747 1
0.603025 0.784838 16696 0
0.254351 -0.820059 2.11773 1
0.607205 0.960857 16936 0
0.311912 -0.867391 2.10199 1
0.632451 0.991108 16808 0
40
0.191168 -0.0247017 2.11414 1
0.580711 0.513905 16912 0
0.195242 0.0283043 2.16147 1
0.580627 0.484415 17288 0
0.194302 0.346311 2.17372 1
0.579786 0.310392 17384 0
0.188174 0.521219 2.15504 1
0.57794 0.212155 17240 0
0.0420676 0.247543 2.19439 1
0.517111 0.365746 17552 0
-0.000144486 0.0193791 2.17434 1
0.499941 0.489393 17392 0
0.0233296 -0.13389 2.05708 1
0.510123 0.577462 16456 0
0.0445982 -0.183794 2.02797 1
0.519629 0.60786 16216 0
0.354621 0.2304 2.1545 1
0.646917 0.372729 17232 0
0.393349 0.0107373 2.11373 1
0.666105 0.493954 16904 0
0.23555 0.182851 1.98896 1
0.605709 0.390588 15904 0
0.219691 0.228075 1.97077 1
0.599502 0.362268 15760 0
0.121809 -0.0933677 2.10806 1
0.551576 0.552712 16864 0
0.176656 -0.531744 2.10913 1
0.574762 0.800049 16872 0
0.168376 -0.831841 2.13106 1
0.570524 0.964555 17048 0
0.231667 -0.87579 2.12134 1
0.597479 0.991341 16968 0
0.260874 -0.0912421 2.0942 1
0.61119 0.551852 16752 0
0.240916 -0.49983 2.08753 1
0.603012 0.784959 16696 0
0.254501 -0.819868 2.11773 1
0.607269 0.960751 16936 0
0.311073 -0.868223 2.10235 1
0.632072 0.991494 16816 0
40
0.192602 -0.0243816 2.11448 1
0.581304 0.513723 16912 0
0.196215 0.0287516 2.16166 1
0.581021 0.48417 17288 0
0.195622 0.346427 2.17379 1
0.580326 0.310335 17384 0
0.188996 0.520814 2.15362 1
0.578332 0.212189 17224 0
0.0415162 0.247764 2.19249 1
0.516902 0.365509 17536 0
-0.00138418 0.0182777 2.17239 1
0.499431 0.489987 17376 0
0.0230234 -0.13489 2.0563 1
0.509994 0.578071 16448 0
0.0445633 -0.184249 2.02766 1
0.519617 0.608144 16216 0
0.353773 0.23076 2.15518 1
0.646519 0.372571 17240 0
0.393279 0.0112833 2.11513 1
0.665965 0.493651 16920 0
0.240132 0.185608 1.98889 1
0.607768 0.388935 15904 0
0.221041 0.234363 1.97305 1
0.599997 0.358634 15784 0
0.123013 -0.0935012 2.10807 1
0.552086 0.552787 16864 0
0.176488 -0.530286 2.10992 1
0.574663 0.799113 16872 0
0.168354 -0.831677 2.13128 1
0.570508 0.964415 17048 0
0.24461 -0.867663 2.1189 1
0.603043 0.987342 16944 0
0.262937 -0.0912766 2.09519 1
0.612017 0.551848 16760 0
0.240891 -0.500003 2.08758 1
0.602999 0.78505 16696 0
0.254813 -0.819259 2.11771 1
0.607401 0.960413 16936 0
0.309156 -0.869367 2.1031 1
0.631212 0.991967 16824 0
40
0.194063 -0.0241359 2.11478 1
0.581909 0.513583 16912 0
0.197166 0.0291332 2.16183 1
0.581408 0.483962 17288 0
0.196664 0.346522 2.17382 1
0.580753 0.310285 17384 0
0.189863 0.520634 2.15246 1
0.578733 0.212134 17216 0
0.0411789 0.24793 2.19035 1
0.516781 0.365287 17520 0
-0.00236367 0.0175857 2.17076 1
0.499028 0.490359 17360 0
0.022858 -0.135582 2.05559 1
0.509926 0.578498 16440 0
0.0445057 -0.184616 2.02741 1
0.519594 0.608373 16216 0
0.3531 0.231201 2.156 1
0.646185 0.372376 17248 0
0.392766 0.0119594 2.11614 1
0.66567 0.493274 16928 0
0.243146 0.189255 1.99073 1
0.609021 0.386857 15920 0
0.261388 0.2251 1.96307 1
0.618851 0.363532 15704 0
0.124545 -0.0936578 2.10802 1
0.552736 0.552876 16864 0
0.176465 -0.528734 2.11062 1
0.574628 0.79814 16880 0
0.168334 -0.831508 2.13149 1
0.570492 0.964275 17048 0
0.249054 -0.86496 2.11798 1
0.604961 0.986034 16936 0
0.264797 -0.0912904 2.09609 1
0.61276 0.551833 16768 0
0.240871 -0.500138 2.08764 1
0.602987 0.785119 16696 0
0.255269 -0.818336 2.1177 1
0.607594 0.959897 16936 0
0.306995 -0.87039 2.1039 1
0.630245 0.992359 16824 0
40
0.195594 -0.0238714 2.11507 1
0.582544 0.513432 16920 0
0.198152 0.0295148 2.16198 1
0.581809 0.483753 17288 0
0.197479 0.346598 2.17382 1
0.581087 0.310244 17384 0
0.190847 0.520559 2.15147 1
0.579178 0.212043 17208 0
0.04097 0.248041 2.18833 1
0.516711 0.365103 17504 0
-0.00322276 0.0164116 2.1683 1
0.498673 0.490992 17344 0
0.0230684 -0.137018 2.05415 1
0.510024 0.579385 16432 0
0.0444514 -0.185816 2.02662 1
0.519578 0.609119 16208 0
0.35255 0.231784 2.157 1
0.64589 0.372113 17248 0
0.391945 0.0127148 2.11681 1
0.665271 0.492851 16928 0
0.244725 0.191181 1.9918 1
0.60967 0.385767 15928 0
0.233289 0.24772 1.96045 1
0.606217 0.349617 15680 0
0.126394 -0.0936952 2.1079 1
0.553522 0.552901 16856 0
0.176609 -0.527202 2.11118 1
0.574669 0.797197 16888 0
0.168332 -0.831302 2.1317 1
0.570484 0.964114 17048 0
0.243971 -0.866848 2.12546 1
0.602457 0.985382 17000 0
0.266573 -0.0912002 2.09699 1
0.613468 0.55176 16768 0
0.24086 -0.500235 2.08769 1
0.60298 0.785167 16696 0
0.25586 -0.817178 2.11771 1
0.607842 0.959243 16936 0
0.305102 -0.871129 2.10461 1
0.629398 0.99261 16832 0
40
0.197145 -0.0236905 2.1153 1
0.583189 0.513329 16920 0
0.19917 0.0298275 2.1621 1
0.582224 0.483582 17296 0
0.198175 0.346649 2.17378 1
0.581374 0.310213 17384 0
0.191878 0.520555 2.15065 1
0.579636 0.211935 17200 0
0.0409175 0.248064 2.18636 1
0.516705 0.364969 17488 0
-0.00378846 0.0148375 2.1654 1
0.498438 0.491845 17320 0
0.0235591 -0.139116 2.05217 1
0.510247 0.580678 16416 0
0.0445299 -0.187788 2.02527 1
0.519626 0.610351 16200 0
0.352144 0.232362 2.15797 1
0.645656 0.371852 17256 0
0.391059 0.0132917 2.11735 1
0.664855 0.492529 16936 0
0.245817 0.192745 1.99282 1
0.610103 0.384891 15936 0
0.21461 0.260351 1.96026 1
0.597721 0.341934 15680 0
0.128422 -0.0937534 2.10767 1
0.554386 0.552939 16856 0
0.176743 -0.526309 2.11152 1
0.574714 0.796646 16888 0
0.168337 -0.831061 2.13193 1
0.570479 0.963931 17048 0
0.25281 -0.860097 2.12255 1
0.606314 0.982261 16976 0
0.268166 -0.0911346 2.09779 1
0.614103 0.551703 16776 0
0.240848 -0.500321 2.08778 1
0.602971 0.785205 16696 0
0.256428 -0.816049 2.11773 1
0.608081 0.958605 16936 0
0.304187 -0.871427 2.10494 1
0.628989 0.992701 16832 0
40
0.198581 -0.0235838 2.11547 1
0.583788 0.513268 16920 0
0.200159 0.0300817 2.16219 1
0.58263 0.483442 17296 0
0.198817 0.346716 2.17369 1
0.581641 0.310168 17384 0
0.192911 0.520666 2.15002 1
0.580088 0.21179 17200 0
0.0409531 0.248078 2.18469 1
0.516732 0.364857 17472 0
-0.00415859 0.013566 2.16305 1
0.498284 0.492536 17304 0
0.0240398 -0.140875 2.05043 1
0.510465 0.581768 16400 0
0.0447491 -0.189439 2.02391 1
0.519735 0.611396 16184 0
0.351856 0.232875 2.15885 1
0.645477 0.371621 17264 0
0.390249 0.0138265 2.11777 1
0.664482 0.49223 16936 0
0.246594 0.194176 1.99381 1
0.610396 0.384094 15944 0
0.205952 0.266323 1.9606 1
0.593763 0.338337 15680 0
0.130319 -0.0938395 2.10743 1
0.555196 0.552994 16856 0
0.17714 -0.525095 2.11188 1
0.574869 0.79591 16888 0
0.168337 -0.830861 2.13212 1
0.570473 0.963777 17056 0
0.256129 -0.85766 2.12151 1
0.607762 0.98113 16968 0
0.269496 -0.0910847 2.09844 1
0.614633 0.551658 16784 0
0.240837 -0.500387 2.08788 1
0.602961 0.785229 16696 0
0.256997 -0.814858 2.11776 1
0.608319 0.957928 16936 0
0.303298 -0.871618 2.10527 1
0.628593 0.992734 16840 0
40
0.200036 -0.0234831 2.11559 1
0.584398 0.51321 16920 0
0.201194 0.0303351 2.16224 1
0.583055 0.483303 17296 0
0.199478 0.346845 2.17356 1
0.581917 0.310086 17384 0
0.194318 0.521012 2.14961 1
0.580688 0.211543 17192 0
0.0412038 0.248285 2.183 1
0.516848 0.36464 17464 0
-0.00440855 0.0125777 2.16118 1
0.498179 0.493074 17288 0
0.0244602 -0.142295 2.049 1
0.510655 0.582649 16392 0
0.0449491 -0.190836 2.02274 1
0.519835 0.612283 16176 0
0.351691 0.233478 2.15979 1
0.645346 0.371345 17272 0
0.389484 0.0142741 2.11803 1
0.664139 0.491979 16944 0
0.247096 0.195356 1.99465 1
0.610574 0.383439 15952 0
0.20095 0.269667 1.96084 1
0.591474 0.336327 15680 0
0.132303 -0.0938427 2.10709 1
0.556045 0.553004 16856 0
0.177399 -0.524274 2.11212 1
0.57497 0.795414 16896 0
0.168339 -0.830655 2.13231 1
0.570468 0.963621 17056 0
0.260066 -0.854895 2.1198 1
0.609507 0.979966 16952 0
0.270713 -0.0910056 2.09902 1
0.615119 0.551599 16792 0
0.240829 -0.500441 2.08798 1
0.602952 0.785245 16696 0
0.25752 -0.813761 2.11779 1
0.608538 0.957306 16936 0
0.302648 -0.871718 2.10547 1
0.628305 0.992741 16840 0
40
0.201266 -0.023416 2.11566 1
0.584914 0.513172 16920 0
0.202125 0.0305426 2.16226 1
0.583439 0.483189 17296 0
0.200203 0.346978 2.17335 1
0.582223 0.309996 17384 0
0.195632 0.521363 2.14933 1
0.581244 0.211311 17192 0
0.041473 0.248437 2.18156 1
0.516969 0.364468 17448 0
-0.00455266 0.0118068 2.15971 1
0.498118 0.493494 17272 0
0.024832 -0.143425 2.04782 1
0.510824 0.583354 16376 0
0.0451372 -0.191986 2.0217 1
0.519928 0.613018 16168 0
0.351591 0.233995 2.1606 1
0.645251 0.371108 17280 0
0.388819 0.014625 2.1182 1
0.663845 0.491783 16944 0
0.247414 0.196316 1.99536 1
0.610677 0.382908 15960 0
0.19772 0.271753 1.96105 1
0.589995 0.335078 15688 0
0.133906 -0.0938412 2.10678 1
0.556733 0.553011 16848 0
0.17765 -0.52355 2.11231 1
0.575069 0.79498 16896 0
0.168343 -0.830466 2.13248 1
0.570464 0.963478 17056 0
0.262055 -0.853501 2.11901 1
0.610386 0.979363 16952 0
0.271685 -0.0909373 2.09947 1
0.615507 0.551549 16792 0
0.240835 -0.50049 2.0881 1
0.602949 0.785257 16704 0
0.258036 -0.812742 2.11782 1
0.608754 0.956726 16936 0
0.301951 -0.871816 2.10567 1
0.627997 0.992751 16840 0
40
0.202286 -0.0233636 2.11569 1
0.585343 0.513143 16920 0
0.202861 0.0307125 2.16226 1
0.583743 0.483096 17296 0
0.200823 0.34711 2.17312 1
0.582487 0.309903 17384 0
0.196792 0.521736 2.14918 1
0.581731 0.211085 17192 0
0.0419196 0.248595 2.18017 1
0.517163 0.364295 17440 0
-0.00462042 0.0111245 2.15844 1
0.498089 0.493866 17264 0
0.0251744 -0.14443 2.04678 1
0.510978 0.583981 16368 0
0.0453233 -0.193047 2.02073 1
0.52002 0.613697 16160 0
0.35196 0.235152 2.16203 1
0.645307 0.370557 17296 0
0.388292 0.0148425 2.11833 1
0.663614 0.491661 16944 0
0.247621 0.197047 1.99596 1
0.610736 0.382507 15960 0
0.195562 0.273163 1.96118 1
0.589006 0.334233 15688 0
0.135211 -0.0938342 2.1065 1
0.557293 0.553014 16848 0
0.177882 -0.522932 2.11246 1
0.575162 0.794611 16896 0
0.168331 -0.830372 2.13258 1
0.570455 0.963405 17056 0
0.263859 -0.852305 2.11808 1
0.611195 0.978902 16944 0
0.27246 -0.0908697 2.09982 1
0.615817 0.551503 16792 0
0.240862 -0.50053 2.08823 1
0.602954 0.785262 16704 0
0.258574 -0.811758 2.11785 1
0.608979 0.956167 16936 0
0.301183 -0.871921 2.10588 1
0.627659 0.992762 16840 0
40
0.203139 -0.0233701 2.11568 1
0.585703 0.513146 16920 0
0.203527 0.0308272 2.16222 1
0.584018 0.483032 17296 0
0.201478 0.347275 2.17284 1
0.582766 0.309788 17376 0
0.197785 0.522086 2.14912 1
0.582146 0.210882 17192 0
0.042328 0.248727 2.17906 1
0.517339 0.364154 17432 0
-0.00459458 0.010516 2.15737 1
0.498099 0.494199 17256 0
0.0255234 -0.145321 2.04585 1
0.511136 0.584537 16360 0
0.0454777 -0.194025 2.01977 1
0.520098 0.614327 16152 0
0.352155 0.235888 2.1629 1
0.645329 0.370204 17296 0
0.387851 0.0149988 2.1184 1
0.663422 0.491574 16944 0
0.247739 0.19763 1.99646 1
0.610761 0.382189 15968 0
0.194133 0.273388 1.96165 1
0.588335 0.334137 15688 0
0.136255 -0.0938531 2.10625 1
0.557743 0.553031 16848 0
0.178141 -0.522386 2.11258 1
0.575267 0.794287 16896 0
0.168316 -0.830297 2.13265 1
0.570446 0.963347 17056 0
0.265122 -0.851475 2.1174 1
0.611763 0.978589 16936 0
0.273052 -0.0908321 2.10007 1
0.616055 0.551475 16800 0
0.240901 -0.500585 2.08838 1
0.602963 0.785272 16704 0
0.259052 -0.810908 2.11788 1
0.609179 0.955683 16936 0
0.300536 -0.872007 2.10608 1
0.627373 0.992763 16848 0
40
0.203868 -0.0234127 2.11564 1
0.586012 0.51317 16920 0
0.204143 0.030894 2.16217 1
0.584275 0.482995 17296 0
0.202105 0.347414 2.17255 1
0.583035 0.309687 17376 0
0.198595 0.52238 2.1491 1
0.582483 0.210718 17192 0
0.0426734 0.248828 2.17818 1
0.517487 0.364044 17424 0
-0.00452635 0.0099767 2.15648 1
0.498126 0.494494 17248 0
0.0258631 -0.146096 2.04506 1
0.511288 0.58502 16360 0
0.0456189 -0.194899 2.01891 1
0.520169 0.614891 16144 0
0.352273 0.23633 2.16343 1
0.645342 0.369992 17304 0
0.387501 0.0151106 2.11842 1
0.663273 0.491511 16944 0
0.247807 0.19809 1.99685 1
0.61077 0.381938 15968 0
0.193203 0.273549 1.96193 1
0.587899 0.334063 15688 0
0.1371 -0.0938994 2.10603 1
0.558107 0.553063 16848 0
0.178383 -0.521908 2.11267 1
0.575366 0.794005 16896 0
0.168301 -0.830241 2.13271 1
0.570438 0.963303 17056 0
0.265938 -0.850936 2.11701 1
0.612127 0.978372 16936 0
0.273532 -0.0908139 2.10026 1
0.616249 0.55146 16800 0
0.24094 -0.500638 2.08854 1
0.602972 0.785282 16704 0
0.259466 -0.810178 2.1179 1
0.609352 0.955268 16936 0
0.299956 -0.87208 2.10624 1
0.627117 0.992766 16848 0
40
0.204466 -0.0234665 2.11558 1
0.586267 0.513201 16920 0
0.204686 0.0309345 2.16209 1
0.584502 0.482972 17296 0
0.202729 0.347544 2.17224 1
0.583303 0.309588 17376 0
0.199258 0.522623 2.14911 1
0.582758 0.210584 17192 0
0.0429667 0.248909 2.1775 1
0.517613 0.363957 17416 0
-0.00441438 0.00947801 2.15574 1
0.498172 0.494767 17240 0
0.0261904 -0.146785 2.04436 1
0.511435 0.585451 16352 0
0.0458398 -0.195655 2.01814 1
0.520274 0.61538 16144 0
0.352368 0.236636 2.16379 1
0.645357 0.369846 17304 0
0.387232 0.0151901 2.11841 1
0.663161 0.491466 16944 0
0.247846 0.198455 1.99717 1
0.61077 0.38174 15976 0
0.192741 0.273328 1.96222 1
0.587676 0.334221 15696 0
0.137758 -0.0939455 2.10584 1
0.558391 0.553094 16840 0
0.178606 -0.521487 2.11273 1
0.575458 0.793759 16896 0
0.168275 -0.830213 2.13275 1
0.570426 0.963279 17056 0
0.247562 -0.861696 2.12937 1
0.603773 0.981609 17032 0
0.273906 -0.0908052 2.10038 1
0.616401 0.551452 16800 0
0.240979 -0.500691 2.08868 1
0.602982 0.785292 16704 0
0.259827 -0.809552 2.11792 1
0.609504 0.954912 16936 0
0.299444 -0.872145 2.10639 1
0.626891 0.992768 16848 0
40
0.204987 -0.0235177 2.11551 1
0.58649 0.51323 16920 0
0.205211 0.0309656 2.162 1
0.584722 0.482954 17296 0
0.203524 0.34767 2.17188 1
0.583644 0.309487 17368 0
0.199854 0.522836 2.14913 1
0.583005 0.210468 17192 0
0.0432128 0.248975 2.17697 1
0.517718 0.363888 17408 0
-0.00424609 0.00903562 2.15512 1
0.498241 0.49501 17240 0
0.0264805 -0.147373 2.04377 1
0.511565 0.585818 16344 0
0.0460364 -0.196308 2.01748 1
0.520368 0.615803 16136 0
0.352458 0.236877 2.16406 1
0.645375 0.36973 17312 0
0.387017 0.0152485 2.11835 1
0.663075 0.491433 16944 0
0.247871 0.198741 1.9974 1
0.610768 0.381583 15976 0
0.192641 0.272859 1.96246 1
0.58762 0.334526 15696 0
0.138284 -0.0939859 2.10569 1
0.558618 0.55312 16840 0
0.178812 -0.521111 2.11278 1
0.575543 0.79354 16896 0
0.168231 -0.830214 2.13278 1
0.570407 0.963272 17056 0
0.249456 -0.860667 2.12785 1
0.604642 0.981378 17016 0
0.274215 -0.0907973 2.10047 1
0.616528 0.551446 16800 0
0.241019 -0.500738 2.08881 1
0.602992 0.785301 16704 0
0.26015 -0.809 2.11792 1
0.609639 0.954601 16936 0
0.29904 -0.872184 2.10652 1
0.626712 0.99276 16848 0
40
0.205418 -0.0235454 2.11543 1
0.586675 0.513246 16920 0
0.205675 0.031008 2.1619 1
0.584918 0.48293 17288 0
0.204258 0.347796 2.17152 1
0.583959 0.309387 17368 0
0.200384 0.523032 2.14914 1
0.583224 0.210362 17192 0
0.0434149 0.249027 2.17657 1
0.517804 0.363835 17408 0
-0.00403592 0.00865705 2.15463 1
0.498328 0.495218 17232 0
0.0267589 -0.147845 2.04325 1
0.51169 0.586114 16344 0
0.0462293 -0.196836 2.01692 1
0.520459 0.616147 16128 0
0.352662 0.237171 2.1643 1
0.645443 0.369582 17312 0
0.386652 0.0154861 2.11781 1
0.662962 0.491297 16936 0
0.247816 0.199093 1.99748 1
0.610739 0.381377 15976 0
0.192615 0.272522 1.96243 1
0.587609 0.334728 15696 0
0.138691 -0.0940177 2.10556 1
0.558794 0.553142 16840 0
0.178995 -0.520775 2.11282 1
0.575619 0.793346 16896 0
0.168185 -0.830226 2.13281 1
0.570386 0.963273 17056 0
0.250405 -0.86012 2.12713 1
0.605076 0.981235 17016 0
0.274474 -0.0907803 2.10051 1
0.616635 0.551435 16800 0
0.241062 -0.500784 2.08893 1
0.603005 0.785311 16704 0
0.26044 -0.808521 2.11792 1
0.609762 0.954333 16936 0
0.298711 -0.872214 2.10662 1
0.626566 0.992754 16848 0
40
0.205808 -0.0235605 2.11533 1
0.586844 0.513256 16920 0
0.206149 0.0310586 2.16177 1
0.585119 0.482901 17288 0
0.205039 0.34792 2.17113 1
0.584296 0.309284 17368 0
0.200843 0.523203 2.14915 1
0.583415 0.210269 17192 0
0.0436002 0.249075 2.17627 1
0.517883 0.36379 17408 0
-0.00377804 0.0083404 2.15424 1
0.498435 0.495392 17232 0
0.027029 -0.148211 2.04282 1
0.51181 0.586346 16336 0
0.0464451 -0.197238 2.01641 1
0.52056 0.616414 16128 0
0.352896 0.237473 2.16443 1
0.645532 0.369424 17312 0
0.386383 0.0156093 2.11714 1
0.6629 0.491225 16936 0
0.247777 0.199349 1.99749 1
0.610721 0.381226 15976 0
0.192847 0.271968 1.96228 1
0.587722 0.335051 15696 0
0.13902 -0.0940385 2.10545 1
0.558937 0.553156 16840 0
0.179132 -0.520303 2.11284 1
0.575676 0.793077 16896 0
0.168135 -0.830247 2.13283 1
0.570365 0.963279 17056 0
0.253915 -0.85818 2.12454 1
0.606678 0.980735 16992 0
0.274716 -0.0907536 2.10049 1
0.616739 0.55142 16800 0
0.241096 -0.50082 2.08903 1
0.603015 0.785318 16712 0
0.26069 -0.808084 2.1179 1
0.609869 0.954093 16936 0
0.298296 -0.872251 2.10672 1
0.626385 0.99275 16848 0
40
0.206226 -0.0234921 2.11519 1
0.587026 0.513218 16920 0
0.206662 0.0311849 2.1616 1
0.585337 0.48283 17288 0
0.205757 0.348053 2.17075 1
0.584605 0.309178 17360 0
0.201301 0.523343 2.14914 1
0.583605 0.21019 17192 0
0.043765 0.24912 2.17604 1
0.517952 0.363751 17408 0
-0.00350961 0.00807874 2.15393 1
0.498546 0.495536 17224 0
0.0272626 -0.148496 2.04246 1
0.511914 0.586527 16336 0
0.0466336 -0.197551 2.01599 1
0.520647 0.616623 16120 0
0.353321 0.237846 2.16452 1
0.6457 0.369225 17312 0
0.386302 0.0156788 2.1164 1
0.662924 0.491183 16928 0
0.247778 0.199557 1.99745 1
0.610724 0.3811 15976 0
0.193371 0.271278 1.96202 1
0.587972 0.335448 15696 0
0.139312 -0.0940246 2.10534 1
0.559063 0.553151 16840 0
0.179273 -0.519621 2.11282 1
0.575737 0.792696 16896 0
0.168052 -0.830351 2.13286 1
0.570329 0.963331 17056 0
0.251202 -0.859797 2.12684 1
0.605425 0.981121 17008 0
0.275016 -0.0906654 2.1004 1
0.616872 0.551373 16800 0
0.241128 -0.500853 2.08912 1
0.603024 0.785325 16712 0
0.260913 -0.807709 2.11787 1
0.609964 0.953887 16936 0
0.29796 -0.872281 2.10682 1
0.626236 0.992745 16848 0
40
0.206627 -0.0234148 2.11504 1
0.587201 0.513175 16920 0
0.20722 0.031314 2.16141 1
0.585575 0.482758 17288 0
0.206534 0.348155 2.17039 1
0.584939 0.309091 17360 0
0.201939 0.523466 2.14904 1
0.583875 0.210108 17192 0
0.0439082 0.249166 2.17589 1
0.518012 0.363716 17400 0
-0.00315275 0.00781985 2.15367 1
0.498693 0.495679 17224 0
0.0274879 -0.148744 2.04214 1
0.512015 0.586686 16336 0
0.0468124 -0.197824 2.0156 1
0.52073 0.616806 16120 0
0.353698 0.237973 2.16439 1
0.645865 0.369147 17312 0
0.38631 0.0156997 2.11547 1
0.662999 0.491168 16920 0
0.247789 0.199741 1.99732 1
0.610736 0.380982 15976 0
0.194024 0.270534 1.96163 1
0.588286 0.335866 15688 0
0.139565 -0.0940045 2.10524 1
0.559174 0.553142 16840 0
0.1794 -0.518976 2.11279 1
0.575791 0.792336 16896 0
0.167968 -0.830463 2.13289 1
0.570293 0.963389 17056 0
0.249963 -0.860421 2.12786 1
0.604854 0.981238 17016 0
0.275315 -0.090571 2.10026 1
0.617007 0.551323 16800 0
0.241163 -0.500914 2.08921 1
0.603035 0.785348 16712 0
0.261115 -0.807432 2.11783 1
0.610051 0.953741 16936 0
0.274044 -0.850849 2.06097 1
0.618687 0.99133 16480 0
