86 20
40
0.354089 -0.0691304 1.98494 1
0.659228 0.541449 15872 0
0.362544 -0.0234449 2.02582 1
0.65974 0.513773 16200 0
0.351137 0.282694 2.05836 1
0.652269 0.336549 16464 0
0.383642 0.468187 2.0758 1
0.664966 0.231572 16600 0
0.234987 0.195567 2.04386 1
0.602623 0.386123 16344 0
0.196737 -0.0198093 2.02201 1
0.586847 0.51166 16176 0
0.188054 -0.20476 1.96258 1
0.585528 0.624168 15696 0
0.196762 -0.271059 1.94296 1
0.590392 0.666033 15536 0
0.489811 0.121359 1.92804 1
0.726761 0.425088 15424 0
0.577415 -0.0107585 1.91021 1
0.769811 0.506703 15280 0
0.504234 0.122862 1.87858 1
0.739583 0.422164 15024 0
0.48429 0.171992 1.87148 1
0.73098 0.390625 14968 0
0.291713 -0.125613 1.98386 1
0.63125 0.575356 15864 0
0.32045 -0.525212 2.02252 1
0.641423 0.809053 16176 0
0.323627 -0.788954 2.05095 1
0.640846 0.957815 16400 0
0.307587 -0.817952 1.98038 1
0.638635 0.991554 15840 0
0.417719 -0.134294 1.9589 1
0.690338 0.58159 15664 0
0.434166 -0.512161 2.02002 1
0.691846 0.801747 16160 0
0.424783 -0.771321 2.04683 1
0.685242 0.948483 16368 0
0.40805 -0.801642 1.97655 1
0.684272 0.982686 15808 0
40
0.354107 -0.0691089 1.98495 1
0.659235 0.541436 15872 0
0.362696 -0.0231871 2.02579 1
0.65981 0.513622 16200 0
0.350217 0.297252 2.06341 1
0.651497 0.328552 16504 0
0.384812 0.473982 2.07463 1
0.665563 0.228097 16592 0
0.235028 0.195554 2.04386 1
0.602642 0.386131 16344 0
0.196748 -0.0198113 2.022 1
0.586853 0.511661 16168 0
0.188082 -0.204769 1.96256 1
0.585542 0.624174 15696 0
0.196774 -0.271043 1.94287 1
0.590402 0.66603 15536 0
0.487113 0.124328 1.92813 1
0.7255 0.423259 15424 0
0.580736 -0.00481822 1.90565 1
0.772012 0.503009 15240 0
0.505206 0.120972 1.88008 1
0.739854 0.423423 15040 0
0.485565 0.169726 1.87309 1
0.731389 0.392159 14984 0
0.291683 -0.125571 1.98377 1
0.631242 0.575334 15864 0
0.320286 -0.524908 2.02218 1
0.641375 0.808927 16176 0
0.323647 -0.788726 2.05082 1
0.640863 0.95771 16400 0
0.307188 -0.817788 1.98038 1
0.638456 0.991457 15840 0
0.417727 -0.134254 1.95891 1
0.690341 0.581565 15664 0
0.434017 -0.511995 2.01992 1
0.69179 0.801664 16152 0
0.424781 -0.771306 2.04682 1
0.685242 0.948478 16368 0
0.407679 -0.801634 1.97662 1
0.684098 0.982665 15808 0
40
0.354116 -0.0690911 1.98493 1
0.65924 0.541426 15872 0
0.362819 -0.0229186 2.02575 1
0.659867 0.513465 16200 0
0.349896 0.304322 2.06592 1
0.651174 0.324688 16520 0
0.385068 0.477836 2.07378 1
0.665741 0.225773 16584 0
0.23507 0.195542 2.04384 1
0.602661 0.386136 16344 0
0.196744 -0.0198053 2.02196 1
0.586852 0.511657 16168 0
0.188087 -0.204732 1.96251 1
0.585546 0.624156 15696 0
0.196749 -0.270956 1.94271 1
0.590398 0.66599 15536 0
0.484526 0.130404 1.9326 1
0.723784 0.419695 15456 0
0.583148 0.0062522 1.89788 1
0.77426 0.496079 15176 0
0.49919 0.128812 1.87997 1
0.737011 0.418455 15032 0
0.483824 0.171779 1.87386 1
0.730465 0.3909 14984 0
0.291662 -0.125469 1.98358 1
0.631245 0.57528 15864 0
0.320063 -0.524473 2.02173 1
0.641308 0.808739 16168 0
0.32366 -0.788378 2.05065 1
0.640881 0.957547 16400 0
0.306828 -0.81756 1.98034 1
0.638296 0.991329 15840 0
0.41766 -0.134135 1.95887 1
0.690314 0.581495 15664 0
0.433826 -0.511683 2.01973 1
0.691724 0.801509 16152 0
0.424781 -0.771279 2.04679 1
0.685245 0.948467 16368 0
0.407391 -0.80159 1.97664 1
0.683966 0.982633 15808 0
40
0.354115 -0.0690724 1.9849 1
0.659243 0.541415 15872 0
0.362901 -0.0226004 2.02571 1
0.659906 0.513278 16200 0
0.349669 0.308744 2.06749 1
0.650962 0.322275 16536 0
0.385214 0.480477 2.07313 1
0.665855 0.224171 16584 0
0.23511 0.195535 2.0438 1
0.60268 0.386138 16344 0
0.196718 -0.019788 2.02189 1
0.586844 0.511648 16168 0
0.188071 -0.20467 1.96241 1
0.585543 0.624124 15696 0
0.196682 -0.270822 1.94246 1
0.590379 0.665929 15536 0
0.482332 0.138115 1.94002 1
0.721918 0.415272 15520 0
0.583115 0.017201 1.89098 1
0.775246 0.489174 15120 0
0.491187 0.140072 1.87928 1
0.733297 0.411294 15032 0
0.479423 0.177819 1.87393 1
0.728359 0.387068 14984 0
0.291658 -0.125295 1.98329 1
0.631263 0.575186 15864 0
0.319782 -0.523953 2.0212 1
0.641221 0.808515 16168 0
0.323643 -0.78795 2.05044 1
0.640887 0.957344 16400 0
0.30651 -0.817288 1.98027 1
0.638157 0.991182 15840 0
0.417494 -0.133884 1.95879 1
0.690247 0.581346 15664 0
0.433599 -0.511142 2.01939 1
0.691656 0.80124 16152 0
0.424776 -0.771223 2.04673 1
0.685247 0.948447 16368 0
0.407162 -0.8015 1.97663 1
0.683864 0.982582 15808 0
40
0.354098 -0.069058 1.98483 1
0.65924 0.541408 15872 0
0.362948 -0.0222912 2.02567 1
0.65993 0.513097 16200 0
0.34953 0.311858 2.06861 1
0.65082 0.32058 16544 0
0.385297 0.482315 2.07268 1
0.665927 0.223056 16576 0
0.235145 0.195524 2.04375 1
0.602698 0.386142 16344 0
0.196634 -0.0197622 2.02176 1
0.586813 0.511633 16168 0
0.18803 -0.204586 1.96228 1
0.58553 0.624081 15696 0
0.196587 -0.270662 1.94216 1
0.590349 0.665857 15536 0
0.480821 0.143437 1.94599 1
0.720545 0.412277 15560 0
0.582617 0.0250263 1.88607 1
0.775727 0.484208 15088 0
0.48571 0.148638 1.8786 1
0.73078 0.405835 15024 0
0.474914 0.184631 1.87361 1
0.726251 0.382722 14984 0
0.291661 -0.125084 1.98289 1
0.631291 0.575075 15856 0
0.31951 -0.523425 2.02065 1
0.641139 0.808288 16160 0
0.323606 -0.787501 2.05023 1
0.640886 0.957131 16400 0
0.306229 -0.816998 1.98019 1
0.638036 0.991029 15840 0
0.417238 -0.133552 1.95864 1
0.690144 0.58115 15664 0
0.433308 -0.510459 2.01896 1
0.691568 0.800903 16144 0
0.424759 -0.771126 2.04665 1
0.685248 0.94841 16368 0
0.40696 -0.801374 1.97659 1
0.683776 0.982516 15808 0
40
0.354042 -0.0690295 1.98468 1
0.659228 0.541394 15872 0
0.362957 -0.0219521 2.02558 1
0.659941 0.512898 16200 0
0.354151 0.301365 2.06273 1
0.65325 0.326122 16496 0
0.385061 0.483831 2.07231 1
0.665855 0.222137 16576 0
0.235158 0.195515 2.04368 1
0.602707 0.386144 16344 0
0.196512 -0.0197317 2.02158 1
0.586767 0.511616 16168 0
0.187968 -0.204488 1.96212 1
0.585509 0.624033 15696 0
0.196471 -0.270496 1.94183 1
0.590311 0.665784 15528 0
0.479319 0.147442 1.95146 1
0.719239 0.410081 15608 0
0.581629 0.031829 1.88217 1
0.77583 0.479874 15056 0
0.480982 0.155694 1.87824 1
0.728576 0.401346 15024 0
0.470058 0.191708 1.87329 1
0.723975 0.378205 14984 0
0.291635 -0.12482 1.98237 1
0.631313 0.574936 15856 0
0.319223 -0.52288 2.02007 1
0.641052 0.808055 16160 0
0.323552 -0.787026 2.05002 1
0.640877 0.956903 16400 0
0.305991 -0.816696 1.98009 1
0.637936 0.990872 15840 0
0.416753 -0.133002 1.95838 1
0.689948 0.580826 15664 0
0.433023 -0.509695 2.01844 1
0.691491 0.800529 16144 0
0.42473 -0.770978 2.04651 1
0.685247 0.948352 16368 0
0.406788 -0.801217 1.97652 1
0.683705 0.982438 15808 0
40
0.353926 -0.068931 1.9844 1
0.659197 0.541341 15872 0
0.36295 -0.0215529 2.02541 1
0.659952 0.512664 16200 0
0.357177 0.293549 2.05838 1
0.654885 0.330275 16464 0
0.384682 0.485008 2.07203 1
0.665714 0.221423 16576 0
0.235145 0.195511 2.04361 1
0.602705 0.386141 16344 0
0.196269 -0.0196704 2.02131 1
0.586671 0.511582 16168 0
0.187883 -0.204381 1.96193 1
0.585479 0.623979 15688 0
0.196339 -0.270332 1.9415 1
0.590266 0.665711 15528 0
0.478624 0.149953 1.95425 1
0.718609 0.40868 15632 0
0.581047 0.0356232 1.87986 1
0.775892 0.477447 15032 0
0.478477 0.15987 1.87777 1
0.727443 0.398675 15016 0
0.466757 0.196945 1.87273 1
0.722469 0.374841 14976 0
0.291518 -0.124426 1.9817 1
0.631305 0.574725 15848 0
0.318905 -0.522308 2.01946 1
0.640955 0.807811 16152 0
0.323449 -0.786512 2.04978 1
0.640849 0.956657 16392 0
0.3057 -0.816343 1.97998 1
0.637813 0.990688 15832 0
0.416185 -0.132347 1.95806 1
0.689721 0.580442 15664 0
0.432598 -0.508804 2.01777 1
0.691366 0.800103 16136 0
0.424687 -0.77075 2.04634 1
0.685244 0.948258 16368 0
0.406591 -0.800997 1.97643 1
0.683624 0.982328 15808 0
40
0.35378 -0.0688403 1.98408 1
0.659158 0.541293 15872 0
0.362925 -0.0212594 2.02521 1
0.659956 0.512493 16200 0
0.357979 0.282606 2.05471 1
0.655511 0.33631 16432 0
0.383337 0.485078 2.07184 1
0.66515 0.221357 16568 0
0.235041 0.195471 2.04349 1
0.602666 0.386158 16344 0
0.195898 -0.0196692 2.02096 1
0.586522 0.511583 16160 0
0.18776 -0.204318 1.96167 1
0.585434 0.623957 15688 0
0.196191 -0.270238 1.94116 1
0.590214 0.665683 15528 0
0.478111 0.151628 1.95588 1
0.718192 0.407737 15640 0
0.580627 0.0381326 1.87835 1
0.775914 0.475839 15024 0
0.476796 0.162573 1.87736 1
0.726693 0.396939 15016 0
0.46423 0.200846 1.87214 1
0.721335 0.372321 14976 0
0.291401 -0.124072 1.98097 1
0.631301 0.57454 15840 0
0.318611 -0.521812 2.0189 1
0.640864 0.807604 16144 0
0.323302 -0.78605 2.04957 1
0.640799 0.956436 16392 0
0.305363 -0.815989 1.97986 1
0.637669 0.990503 15832 0
0.415618 -0.131737 1.95773 1
0.689494 0.580084 15656 0
0.432169 -0.507969 2.01711 1
0.69124 0.79971 16136 0
0.424637 -0.770503 2.04616 1
0.685239 0.948154 16368 0
0.406379 -0.800753 1.97633 1
0.683538 0.982206 15808 0
40
0.353521 -0.0687124 1.98361 1
0.659079 0.541226 15864 0
0.362821 -0.0209564 2.0249 1
0.659935 0.512317 16192 0
0.35815 0.275894 2.05215 1
0.655779 0.339998 16416 0
0.381984 0.484836 2.07172 1
0.664577 0.221479 16568 0
0.234881 0.195436 2.04335 1
0.602603 0.38617 16344 0
0.195462 -0.0196527 2.0206 1
0.586345 0.511575 16160 0
0.187613 -0.204276 1.9614 1
0.585379 0.623949 15688 0
0.196017 -0.270175 1.94082 1
0.590149 0.665674 15520 0
0.477748 0.152723 1.95698 1
0.717904 0.407123 15648 0
0.580319 0.0398027 1.87726 1
0.775929 0.474766 15016 0
0.475713 0.16424 1.87721 1
0.726197 0.395874 15016 0
0.462447 0.203476 1.87173 1
0.720533 0.370621 14968 0
0.291191 -0.123714 1.98017 1
0.631259 0.574355 15840 0
0.318337 -0.521391 2.01839 1
0.640778 0.807433 16144 0
0.323153 -0.785651 2.04938 1
0.640747 0.956247 16392 0
0.305042 -0.815663 1.97976 1
0.637532 0.990333 15832 0
0.414958 -0.131141 1.95733 1
0.689232 0.579738 15656 0
0.431789 -0.507287 2.01651 1
0.691129 0.799396 16128 0
0.424585 -0.770287 2.04597 1
0.685233 0.948069 16360 0
0.406182 -0.80053 1.97622 1
0.68346 0.982099 15808 0
40
0.35319 -0.068631 1.98303 1
0.658977 0.541189 15864 0
0.362652 -0.0207094 2.0245 1
0.659891 0.512174 16192 0
0.358082 0.271681 2.05037 1
0.655885 0.342304 16400 0
0.380211 0.484359 2.07158 1
0.663824 0.221734 16568 0
0.234647 0.195387 2.04317 1
0.602509 0.386189 16344 0
0.194907 -0.0196445 2.02021 1
0.586116 0.511573 16160 0
0.187444 -0.204256 1.96111 1
0.585315 0.623955 15688 0
0.195803 -0.270141 1.94047 1
0.590068 0.665683 15520 0
0.477437 0.153455 1.95779 1
0.717672 0.406716 15656 0
0.579942 0.0409455 1.8764 1
0.775875 0.47403 15008 0
0.474697 0.165382 1.87619 1
0.725836 0.395093 15008 0
0.460805 0.205561 1.87076 1
0.719864 0.369228 14960 0
0.290966 -0.12343 1.97939 1
0.631209 0.574213 15832 0
0.318098 -0.52104 2.01794 1
0.640704 0.807295 16136 0
0.323023 -0.785315 2.04921 1
0.640702 0.956089 16392 0
0.304765 -0.815374 1.97965 1
0.637413 0.990185 15832 0
0.414285 -0.130623 1.95691 1
0.688966 0.579441 15648 0
0.431448 -0.506747 2.01598 1
0.691028 0.799156 16120 0
0.424529 -0.770109 2.0458 1
0.685224 0.948004 16360 0
0.406005 -0.800336 1.97611 1
0.68339 0.982009 15808 0
40
0.352736 -0.0685617 1.98238 1
0.658824 0.541161 15856 0
0.362333 -0.0204293 2.02406 1
0.659786 0.512012 16192 0
0.354172 0.276509 2.0524 1
0.65403 0.339661 16416 0
0.378604 0.484495 2.07144 1
0.663142 0.221638 16568 0
0.234325 0.195323 2.04298 1
0.602379 0.386216 16336 0
0.194297 -0.0196533 2.01984 1
0.585863 0.51158 16152 0
0.187245 -0.204265 1.9608 1
0.585237 0.623981 15680 0
0.195504 -0.270145 1.94007 1
0.589948 0.665719 15520 0
0.477108 0.153921 1.95838 1
0.717457 0.406461 15664 0
0.579416 0.0417424 1.87582 1
0.775711 0.473516 15000 0
0.473972 0.166392 1.87177 1
0.726024 0.394203 14968 0
0.459229 0.207789 1.86794 1
0.719443 0.367611 14936 0
0.290715 -0.123187 1.97868 1
0.631143 0.574094 15824 0
0.317876 -0.520738 2.01754 1
0.640634 0.807178 16136 0
0.322869 -0.785013 2.04907 1
0.640645 0.955945 16392 0
0.304488 -0.815097 1.97956 1
0.637295 0.990043 15832 0
0.413391 -0.130043 1.95634 1
0.688613 0.579111 15648 0
0.430983 -0.506191 2.01538 1
0.690879 0.798917 16120 0
0.424454 -0.769895 2.0456 1
0.68521 0.947924 16360 0
0.405825 -0.800114 1.97597 1
0.683321 0.981908 15800 0
40
0.352238 -0.0684923 1.98173 1
0.658652 0.541133 15848 0
0.361948 -0.020137 2.02361 1
0.659651 0.511843 16184 0
0.351089 0.281179 2.05446 1
0.652536 0.337116 16432 0
0.376931 0.484633 2.07133 1
0.66243 0.221544 16568 0
0.233939 0.195263 2.04278 1
0.60222 0.38624 16336 0
0.19358 -0.0196467 2.01947 1
0.585561 0.511578 16152 0
0.187016 -0.204301 1.96048 1
0.585147 0.624022 15680 0
0.19515 -0.270182 1.93966 1
0.589804 0.665777 15512 0
0.476768 0.154165 1.95878 1
0.717257 0.406331 15664 0
0.578793 0.0422707 1.87536 1
0.775482 0.473174 15000 0
0.47349 0.167147 1.86952 1
0.726066 0.393595 14952 0
0.457969 0.209663 1.86527 1
0.719154 0.366225 14920 0
0.29045 -0.122968 1.97802 1
0.631067 0.573987 15824 0
0.317661 -0.520471 2.01717 1
0.640565 0.807076 16136 0
0.322723 -0.784742 2.04894 1
0.64059 0.955817 16384 0
0.304235 -0.814839 1.97946 1
0.637188 0.989911 15832 0
0.412437 -0.129464 1.95572 1
0.688238 0.578783 15640 0
0.43052 -0.505732 2.01482 1
0.690726 0.798729 16112 0
0.424378 -0.769709 2.04541 1
0.685194 0.947856 16360 0
0.405661 -0.799912 1.97584 1
0.683258 0.981817 15800 0
40
0.351704 -0.0684721 1.98107 1
0.658464 0.541135 15848 0
0.361527 -0.0198799 2.0232 1
0.659498 0.511694 16184 0
0.34879 0.285288 2.05645 1
0.651391 0.334896 16448 0
0.375428 0.484776 2.07125 1
0.661788 0.221452 16568 0
0.233434 0.195203 2.04257 1
0.602009 0.386263 16336 0
0.1929 -0.0196484 2.01914 1
0.585275 0.511581 16152 0
0.186767 -0.204339 1.96016 1
0.585048 0.624066 15680 0
0.194751 -0.270224 1.93925 1
0.58964 0.665838 15512 0
0.475869 0.154134 1.95921 1
0.7168 0.406371 15672 0
0.577919 0.0429798 1.87502 1
0.775115 0.47272 15000 0
0.472916 0.168009 1.86748 1
0.726039 0.39293 14936 0
0.456621 0.211634 1.86266 1
0.718814 0.364779 14896 0
0.290178 -0.122794 1.97738 1
0.630987 0.573906 15816 0
0.317435 -0.520221 2.01683 1
0.640488 0.806982 16128 0
0.322536 -0.784479 2.04881 1
0.640517 0.955693 16384 0
0.30398 -0.814585 1.97936 1
0.63708 0.989783 15832 0
0.411502 -0.12895 1.95511 1
0.687869 0.578495 15640 0
0.430097 -0.505372 2.01433 1
0.690586 0.798589 16112 0
0.424309 -0.769556 2.04525 1
0.685179 0.947803 16360 0
0.405526 -0.799736 1.97572 1
0.683209 0.981741 15800 0
40
0.351088 -0.0684573 1.9804 1
0.658241 0.54114 15840 0
0.360805 -0.0195787 2.02276 1
0.659214 0.511519 16176 0
0.346883 0.288843 2.05829 1
0.650429 0.332988 16464 0
0.373794 0.484874 2.07118 1
0.66109 0.221386 16568 0
0.232895 0.195148 2.04237 1
0.601784 0.386284 16336 0
0.192213 -0.0196467 2.01883 1
0.584984 0.511582 16144 0
0.186456 -0.204337 1.95986 1
0.584919 0.624083 15672 0
0.194283 -0.270218 1.93887 1
0.589442 0.665866 15504 0
0.473685 0.154651 1.96189 1
0.71551 0.406186 15688 0
0.574604 0.0455226 1.87504 1
0.773535 0.471106 15000 0
0.471639 0.169931 1.86506 1
0.725721 0.391564 14920 0
0.454364 0.214966 1.85955 1
0.718097 0.36242 14872 0
0.289877 -0.122629 1.97675 1
0.630893 0.57383 15808 0
0.31718 -0.519977 2.01649 1
0.640398 0.806888 16128 0
0.322294 -0.784212 2.04866 1
0.640422 0.95557 16384 0
0.303818 -0.814353 1.97924 1
0.637016 0.989675 15832 0
0.410461 -0.128408 1.95447 1
0.687455 0.578191 15632 0
0.429721 -0.505077 2.0139 1
0.69046 0.798479 16104 0
0.424244 -0.769418 2.04508 1
0.685165 0.947759 16360 0
0.405497 -0.799477 1.97547 1
0.683219 0.981646 15800 0
40
0.350483 -0.0684497 1.97976 1
0.658019 0.541148 15832 0
0.36008 -0.0193011 2.02237 1
0.658925 0.511358 16176 0
0.345665 0.291414 2.05963 1
0.649803 0.331611 16472 0
0.371809 0.484945 2.07124 1
0.66023 0.221352 16568 0
0.232314 0.195108 2.04214 1
0.601542 0.386295 16336 0
0.19151 -0.0196312 2.01853 1
0.584686 0.511575 16144 0
0.185989 -0.204283 1.95953 1
0.584721 0.624072 15672 0
0.193687 -0.270156 1.93848 1
0.589185 0.665861 15504 0
0.47177 0.155109 1.96424 1
0.714383 0.40602 15712 0
0.571582 0.0492647 1.87401 1
0.772246 0.468713 14992 0
0.4626 0.20708 1.86248 1
0.721701 0.367676 14896 0
0.447348 0.240378 1.85709 1
0.715014 0.345953 14856 0
0.289555 -0.122474 1.97611 1
0.630789 0.573761 15808 0
0.316887 -0.519729 2.01617 1
0.640292 0.806791 16128 0
0.321999 -0.783936 2.04851 1
0.640304 0.955445 16384 0
0.303662 -0.81412 1.9791 1
0.636955 0.989568 15832 0
0.409466 -0.127898 1.95386 1
0.687059 0.577904 15624 0
0.429387 -0.504813 2.0135 1
0.690349 0.798381 16104 0
0.423923 -0.76922 2.04481 1
0.685049 0.947703 16352 0
0.405369 -0.799279 1.97527 1
0.68318 0.981576 15800 0
40
0.349914 -0.0684245 1.97917 1
0.65781 0.541146 15832 0
0.359349 -0.0190159 2.022 1
0.658631 0.511193 16176 0
0.344843 0.2933 2.06063 1
0.649374 0.330603 16480 0
0.369741 0.484866 2.07127 1
0.659337 0.221402 16568 0
0.231623 0.195067 2.04187 1
0.601253 0.386303 16328 0
0.190758 -0.0196192 2.01824 1
0.584365 0.511569 16144 0
0.185391 -0.204133 1.95919 1
0.584463 0.624002 15672 0
0.192984 -0.269994 1.93812 1
0.588878 0.665793 15504 0
0.470257 0.155495 1.9662 1
0.713482 0.405881 15728 0
0.569026 0.052894 1.87264 1
0.771227 0.466384 14976 0
0.458638 0.223465 1.86143 1
0.719926 0.357126 14888 0
0.443262 0.255418 1.85576 1
0.713203 0.336197 14840 0
0.289224 -0.122317 1.97548 1
0.630682 0.57369 15800 0
0.316473 -0.519417 2.01581 1
0.640133 0.806661 16120 0
0.321662 -0.783614 2.04834 1
0.640169 0.955295 16384 0
0.303517 -0.813857 1.97894 1
0.6369 0.989448 15824 0
0.408587 -0.127425 1.95333 1
0.686709 0.577638 15624 0
0.429042 -0.504469 2.01306 1
0.690238 0.798243 16104 0
0.423452 -0.768883 2.04447 1
0.684875 0.947582 16352 0
0.405082 -0.798809 1.97482 1
0.683092 0.981402 15792 0
40
0.349341 -0.0683099 1.97859 1
0.657597 0.541089 15824 0
0.35846 -0.018593 2.02164 1
0.658267 0.510946 16168 0
0.344248 0.294902 2.06149 1
0.649054 0.32975 16488 0
0.367959 0.484776 2.0713 1
0.658566 0.221458 16568 0
0.230748 0.195016 2.04156 1
0.600885 0.386316 16328 0
0.189994 -0.0196315 2.01796 1
0.584039 0.511578 16136 0
0.18472 -0.203946 1.95886 1
0.584171 0.623909 15664 0
0.192244 -0.269801 1.93778 1
0.588553 0.665703 15496 0
0.468638 0.157004 1.96952 1
0.712388 0.405127 15752 0
0.564258 0.0685341 1.86505 1
0.770048 0.456267 14920 0
0.456709 0.231536 1.86082 1
0.719074 0.351916 14880 0
0.440772 0.264868 1.85494 1
0.712098 0.330062 14832 0
0.288846 -0.122082 1.97477 1
0.630558 0.573575 15792 0
0.315994 -0.519067 2.01545 1
0.639946 0.806509 16120 0
0.321313 -0.78327 2.04817 1
0.640029 0.955133 16384 0
0.30343 -0.813577 1.97877 1
0.636873 0.989323 15824 0
0.407746 -0.126836 1.95281 1
0.686373 0.577299 15616 0
0.428744 -0.504166 2.01267 1
0.690143 0.798122 16096 0
0.423044 -0.768579 2.04415 1
0.684725 0.947473 16352 0
0.404985 -0.798534 1.97455 1
0.683073 0.981303 15792 0
40
0.348693 -0.0679489 1.97796 1
0.657354 0.540884 15816 0
0.357289 -0.0177823 2.02126 1
0.65778 0.51047 16168 0
0.343837 0.296517 2.06224 1
0.648822 0.328879 16496 0
0.365799 0.484818 2.07139 1
0.657628 0.221446 16568 0
0.229678 0.194981 2.04122 1
0.600435 0.386317 16328 0
0.18921 -0.0196445 2.01769 1
0.583704 0.511587 16136 0
0.184006 -0.203739 1.95855 1
0.58386 0.623804 15664 0
0.19144 -0.269589 1.93747 1
0.588197 0.6656 15496 0
0.467385 0.159687 1.9745 1
0.711287 0.403749 15792 0
0.560076 0.0811543 1.86012 1
0.768758 0.448076 14880 0
0.455962 0.236022 1.86017 1
0.718791 0.348995 14880 0
0.439656 0.269831 1.85422 1
0.711643 0.32681 14832 0
0.288366 -0.12166 1.97394 1
0.630395 0.573351 15784 0
0.315491 -0.518713 2.01512 1
0.639746 0.806351 16120 0
0.320981 -0.782935 2.04801 1
0.639895 0.954974 16384 0
0.303425 -0.813284 1.97857 1
0.636884 0.989196 15824 0
0.406893 -0.125953 1.95228 1
0.686034 0.576782 15616 0
0.428471 -0.503856 2.01229 1
0.690057 0.797995 16096 0
0.422704 -0.768272 2.04386 1
0.684603 0.947358 16344 0
0.404995 -0.798243 1.97425 1
0.683105 0.981199 15792 0
40
0.348078 -0.0674598 1.97735 1
0.657125 0.540603 15816 0
0.356096 -0.0168841 2.0209 1
0.657281 0.509943 16160 0
0.343617 0.297753 2.06277 1
0.648689 0.32821 16496 0
0.363279 0.484801 2.07154 1
0.656531 0.221476 16568 0
0.228588 0.194945 2.04084 1
0.599977 0.386317 16320 0
0.188439 -0.0196666 2.01744 1
0.583373 0.511602 16136 0
0.183265 -0.203503 1.95826 1
0.583534 0.623678 15664 0
0.190592 -0.26935 1.93721 1
0.587818 0.665475 15496 0
0.467004 0.162838 1.9804 1
0.710485 0.402142 15840 0
0.556858 0.0919757 1.85661 1
0.767717 0.441042 14848 0
0.455907 0.239734 1.85962 1
0.71883 0.346574 14872 0
0.439223 0.274637 1.85357 1
0.71151 0.323664 14824 0
0.287838 -0.121111 1.97299 1
0.630219 0.573055 15776 0
0.314958 -0.518326 2.0148 1
0.639532 0.806171 16112 0
0.320658 -0.782581 2.04785 1
0.639765 0.954803 16376 0
0.30352 -0.812947 1.97834 1
0.636943 0.989051 15824 0
0.406157 -0.124989 1.95183 1
0.68574 0.576211 15608 0
0.428196 -0.503556 2.01192 1
0.68997 0.797871 16088 0
0.422429 -0.76799 2.04361 1
0.684506 0.94725 16344 0
0.405133 -0.797936 1.97393 1
0.683198 0.981092 15784 0
40
0.347356 -0.0662313 1.97651 1
0.656866 0.53988 15808 0
0.35483 -0.015567 2.02042 1
0.656759 0.50917 16160 0
0.344181 0.298313 2.06238 1
0.648961 0.327854 16496 0
0.361314 0.484726 2.07154 1
0.655684 0.22152 16568 0
0.227526 0.194911 2.04041 1
0.599533 0.386313 16320 0
0.187694 -0.0196924 2.0172 1
0.583053 0.511618 16136 0
0.182539 -0.203272 1.95801 1
0.583214 0.623554 15664 0
0.18975 -0.269121 1.93699 1
0.587439 0.665353 15488 0
0.467988 0.16688 1.98751 1
0.710175 0.400071 15896 0
0.55442 0.103318 1.85409 1
0.766908 0.433681 14832 0
0.455729 0.242786 1.85928 1
0.718785 0.344592 14872 0
0.439042 0.279659 1.85312 1
0.711474 0.320395 14824 0
0.287114 -0.120093 1.9718 1
0.629971 0.572485 15768 0
0.314082 -0.517467 2.01435 1
0.639175 0.805731 16112 0
0.320227 -0.781823 2.04761 1
0.639593 0.954417 16376 0
0.303792 -0.812303 1.97798 1
0.637091 0.988752 15816 0
0.405424 -0.12337 1.95135 1
0.685451 0.575243 15608 0
0.427792 -0.50237 2.01109 1
0.68987 0.797293 16088 0
0.42212 -0.766849 2.04309 1
0.684418 0.9467 16344 0
0.405633 -0.797013 1.97334 1
0.683479 0.98068 15784 0
40
0.346656 -0.0640204 1.97551 1
0.656629 0.538568 15800 0
0.353559 -0.013768 2.01984 1
0.656242 0.508112 16152 0
0.345163 0.298469 2.06156 1
0.649446 0.327695 16488 0
0.35981 0.484661 2.07154 1
0.655036 0.221556 16568 0
0.226518 0.194911 2.03994 1
0.599115 0.386287 16312 0
0.186993 -0.0196963 2.01699 1
0.582752 0.511622 16128 0
0.181859 -0.203064 1.95779 1
0.582913 0.623441 15656 0
0.188916 -0.268918 1.93682 1
0.587063 0.665243 15488 0
0.471018 0.172364 1.99587 1
0.710649 0.39722 15960 0
0.552974 0.115668 1.8528 1
0.766398 0.425702 14816 0
0.456131 0.246521 1.8591 1
0.718998 0.342187 14872 0
0.439411 0.286484 1.8529 1
0.711676 0.315991 14816 0
0.286236 -0.118429 1.97028 1
0.629673 0.571536 15760 0
0.312688 -0.515806 2.01366 1
0.638605 0.804855 16104 0
0.319649 -0.780333 2.0472 1
0.639369 0.953641 16376 0
0.304311 -0.811144 1.97744 1
0.637363 0.988189 15816 0
0.404868 -0.121066 1.95091 1
0.685238 0.573855 15600 0
0.427332 -0.500527 2.01003 1
0.689765 0.796359 16080 0
0.421712 -0.765028 2.04239 1
0.684303 0.945791 16336 0
0.406385 -0.795618 1.97257 1
0.68389 0.980026 15776 0
40
0.345986 -0.0608991 1.97442 1
0.656413 0.536708 15792 0
0.352421 -0.0114969 2.01918 1
0.65579 0.506776 16152 0
0.346548 0.298329 2.06045 1
0.650126 0.327684 16480 0
0.358568 0.484797 2.07161 1
0.654496 0.221487 16568 0
0.225577 0.194941 2.03944 1
0.598727 0.386241 16312 0
0.18632 -0.0196783 2.01676 1
0.582463 0.511613 16128 0
0.181224 -0.202871 1.95759 1
0.582632 0.623336 15656 0
0.188115 -0.26873 1.93668 1
0.5867 0.66514 15488 0
0.473439 0.176032 2.0012 1
0.711168 0.395313 16008 0
0.553194 0.129363 1.85121 1
0.766732 0.416834 14808 0
0.457383 0.254548 1.85818 1
0.719708 0.336968 14864 0
0.439731 0.294677 1.85217 1
0.711915 0.310653 14816 0
0.285184 -0.116137 1.9686 1
0.629307 0.570211 15744 0
0.311302 -0.514039 2.01299 1
0.638037 0.803912 16096 0
0.319091 -0.778698 2.0468 1
0.639153 0.952779 16368 0
0.304879 -0.809837 1.97687 1
0.637658 0.987541 15808 0
0.404416 -0.118182 1.95045 1
0.685075 0.572112 15600 0
0.42696 -0.498258 2.00889 1
0.689708 0.795183 16064 0
0.421387 -0.762768 2.0416 1
0.684232 0.944646 16328 0
0.407282 -0.79387 1.9717 1
0.684378 0.979183 15768 0
40
0.345275 -0.0569206 1.97343 1
0.65617 0.534327 15784 0
0.351155 -0.00809026 2.01861 1
0.655275 0.50477 16144 0
0.347365 0.298998 2.06018 1
0.650499 0.327275 16480 0
0.3575 0.485271 2.07192 1
0.654013 0.221257 16568 0
0.224671 0.195004 2.0389 1
0.598357 0.386174 16304 0
0.185688 -0.0196397 2.01651 1
0.582193 0.511591 16128 0
0.18058 -0.20266 1.95743 1
0.582345 0.623218 15656 0
0.187238 -0.268515 1.93655 1
0.586302 0.665019 15488 0
0.475818 0.17949 2.00508 1
0.711817 0.393463 16040 0
0.549126 0.17275 1.84332 1
0.765904 0.388466 14744 0
0.442994 0.28266 1.86177 1
0.712386 0.319311 14888 0
0.4308 0.314965 1.85403 1
0.707402 0.29782 14832 0
0.284007 -0.113228 1.96694 1
0.628882 0.56851 15728 0
0.309761 -0.512077 2.0123 1
0.6374 0.802855 16096 0
0.318532 -0.77687 2.04636 1
0.638939 0.951813 16368 0
0.30546 -0.808353 1.97627 1
0.637963 0.986795 15808 0
0.404094 -0.11452 1.94991 1
0.684979 0.569897 15592 0
0.426674 -0.49557 2.0077 1
0.689693 0.793764 16056 0
0.421129 -0.760079 2.04074 1
0.684197 0.943265 16320 0
0.408257 -0.791764 1.97075 1
0.684908 0.978142 15760 0
40
0.344717 -0.0537818 1.9727 1
0.655975 0.532446 15776 0
0.350142 -0.00525242 2.0182 1
0.654858 0.503097 16144 0
0.348146 0.300267 2.06039 1
0.650823 0.326559 16480 0
0.356683 0.486045 2.07248 1
0.653619 0.220888 16576 0
0.223791 0.195078 2.03832 1
0.598 0.386099 16304 0
0.185073 -0.019596 2.01623 1
0.581933 0.511567 16128 0
0.179983 -0.202488 1.95727 1
0.582079 0.623124 15656 0
0.18645 -0.268347 1.93644 1
0.585944 0.664925 15488 0
0.477435 0.181659 2.00741 1
0.712291 0.392301 16056 0
0.547018 0.193337 1.83943 1
0.765444 0.374909 14712 0
0.438795 0.300806 1.86275 1
0.710261 0.307813 14896 0
0.42621 0.332793 1.85492 1
0.705094 0.286478 14832 0
0.282976 -0.110712 1.9655 1
0.628508 0.567037 15720 0
0.308229 -0.509841 2.01157 1
0.63677 0.801643 16088 0
0.317959 -0.774693 2.04586 1
0.638723 0.950657 16360 0
0.306023 -0.806597 1.97563 1
0.638262 0.985897 15800 0
0.403875 -0.111646 1.9495 1
0.684918 0.568157 15592 0
0.426536 -0.492837 2.00661 1
0.689735 0.792303 16048 0
0.420958 -0.757345 2.03992 1
0.684196 0.941849 16312 0
0.40921 -0.789524 1.96981 1
0.685428 0.977015 15752 0
40
0.344298 -0.0514958 1.97218 1
0.655827 0.531076 15776 0
0.349401 -0.00312122 2.01791 1
0.654553 0.501841 16136 0
0.34862 0.301639 2.06079 1
0.650999 0.325801 16480 0
0.355911 0.486967 2.07311 1
0.65324 0.220444 16584 0
0.22294 0.195138 2.03768 1
0.597658 0.386028 16296 0
0.184486 -0.0195662 2.01591 1
0.581686 0.511551 16120 0
0.17942 -0.202357 1.95714 1
0.581828 0.623052 15656 0
0.185728 -0.268223 1.93633 1
0.585615 0.664857 15488 0
0.478532 0.183007 2.0087 1
0.712642 0.391571 16064 0
0.54629 0.203917 1.83727 1
0.765402 0.36791 14696 0
0.437778 0.311804 1.86309 1
0.709736 0.300823 14904 0
0.424193 0.345584 1.85537 1
0.704073 0.278326 14840 0
0.282196 -0.108826 1.96441 1
0.628225 0.565932 15712 0
0.30664 -0.507346 2.01074 1
0.636122 0.80029 16080 0
0.317364 -0.772209 2.0453 1
0.638502 0.949336 16360 0
0.306471 -0.804589 1.97494 1
0.638513 0.984857 15792 0
0.403724 -0.109529 1.9492 1
0.684877 0.566875 15592 0
0.426557 -0.490203 2.00563 1
0.689837 0.790882 16040 0
0.420867 -0.75472 2.03916 1
0.684224 0.940481 16312 0
0.410044 -0.787272 1.96893 1
0.685889 0.975868 15744 0
40
0.343972 -0.0497126 1.9718 1
0.655709 0.530005 15768 0
0.348825 -0.00139396 2.01772 1
0.654312 0.500822 16136 0
0.348899 0.303083 2.06142 1
0.651073 0.325021 16488 0
0.355023 0.486874 2.07192 1
0.652945 0.220336 16568 0
0.222109 0.195223 2.03699 1
0.597326 0.38594 16288 0
0.18392 -0.0195202 2.01557 1
0.581449 0.511526 16120 0
0.178881 -0.202292 1.95699 1
0.581589 0.623022 15648 0
0.185058 -0.268172 1.93621 1
0.585312 0.664836 15488 0
0.479544 0.184084 2.00926 1
0.713032 0.390963 16072 0
0.545927 0.211612 1.83587 1
0.765428 0.36282 14680 0
0.437131 0.319794 1.86343 1
0.709389 0.295756 14904 0
0.422668 0.355648 1.85585 1
0.703287 0.271929 14840 0
0.281591 -0.10736 1.96359 1
0.628003 0.565071 15704 0
0.305285 -0.505019 2.00993 1
0.635574 0.799033 16072 0
0.316898 -0.769834 2.04475 1
0.638335 0.948073 16352 0
0.306874 -0.802546 1.97426 1
0.638742 0.983791 15792 0
0.403632 -0.107854 1.94895 1
0.684859 0.565861 15584 0
0.426656 -0.487803 2.00477 1
0.689962 0.789583 16032 0
0.420828 -0.752341 2.0385 1
0.684267 0.939234 16304 0
0.41077 -0.785108 1.96813 1
0.686294 0.974754 15744 0
40
0.343731 -0.0483912 1.97154 1
0.655621 0.529211 15768 0
0.348403 -7.22793e-005 2.0176 1
0.654135 0.500043 16136 0
0.349058 0.304499 2.06214 1
0.651089 0.324264 16496 0
0.353471 0.471974 2.04695 1
0.654135 0.225588 16368 0
0.221202 0.195321 2.03628 1
0.596963 0.385842 16288 0
0.183363 -0.0194764 2.0152 1
0.581217 0.511502 16120 0
0.178382 -0.202262 1.95684 1
0.581367 0.623013 15648 0
0.184455 -0.268157 1.93609 1
0.585039 0.664838 15488 0
0.480255 0.184915 2.00922 1
0.713353 0.390469 16072 0
0.545873 0.217363 1.83506 1
0.765518 0.35903 14680 0
0.4367 0.325558 1.86373 1
0.709148 0.292108 14904 0
0.421529 0.363327 1.85629 1
0.702691 0.26706 14848 0
0.281141 -0.106258 1.96298 1
0.627838 0.564422 15696 0
0.304142 -0.502919 2.00919 1
0.635117 0.797899 16072 0
0.316504 -0.767656 2.04426 1
0.638197 0.946913 16352 0
0.307181 -0.80056 1.97363 1
0.638926 0.982748 15784 0
0.403569 -0.106583 1.94875 1
0.684849 0.565092 15584 0
0.426818 -0.485805 2.00408 1
0.6901 0.788496 16032 0
0.42083 -0.750376 2.03797 1
0.684316 0.938201 16296 0
0.411368 -0.783184 1.96744 1
0.686631 0.973756 15736 0
40
0.34355 -0.0474315 1.97134 1
0.655554 0.528635 15768 0
0.348078 0.000917733 2.01751 1
0.653998 0.499459 16136 0
0.348537 0.30616 2.06307 1
0.650796 0.323385 16504 0
0.352672 0.467911 2.0393 1
0.654363 0.22693 16312 0
0.2204 0.19542 2.03557 1
0.596645 0.385745 16280 0
0.182828 -0.0194249 2.0148 1
0.580996 0.511474 16112 0
0.177913 -0.202233 1.95668 1
0.58116 0.623006 15648 0
0.183898 -0.268143 1.93596 1
0.584788 0.664839 15480 0
0.480784 0.185521 2.00862 1
0.713652 0.390077 16064 0
0.546135 0.221882 1.83475 1
0.765691 0.356074 14672 0
0.437092 0.330896 1.86396 1
0.70931 0.288726 14904 0
0.42107 0.370165 1.85667 1
0.702429 0.262725 14848 0
0.280814 -0.105445 1.96253 1
0.627719 0.563944 15696 0
0.303269 -0.501244 2.00859 1
0.634769 0.796996 16064 0
0.3162 -0.765902 2.04386 1
0.638091 0.945979 16344 0
0.307412 -0.798817 1.97309 1
0.639068 0.981828 15784 0
0.403529 -0.105644 1.94859 1
0.684845 0.564523 15584 0
0.426999 -0.484142 2.00351 1
0.690234 0.78759 16024 0
0.420855 -0.748755 2.03753 1
0.684366 0.937349 16296 0
0.41186 -0.781488 1.96684 1
0.686911 0.972874 15728 0
40
0.343407 -0.0467146 1.9712 1
0.655501 0.528204 15768 0
0.347828 0.00168132 2.01745 1
0.653892 0.499008 16136 0
0.347967 0.307584 2.0639 1
0.650489 0.322635 16504 0
0.352219 0.465536 2.03487 1
0.6545 0.227724 16272 0
0.219636 0.195547 2.03489 1
0.596342 0.385633 16272 0
0.182334 -0.019353 2.01437 1
0.580795 0.511434 16112 0
0.177459 -0.20221 1.95652 1
0.580959 0.623002 15648 0
0.183371 -0.268131 1.93582 1
0.584551 0.664844 15480 0
0.481153 0.185931 2.00741 1
0.713944 0.389768 16056 0
0.546741 0.225254 1.83476 1
0.765985 0.353888 14672 0
0.439258 0.336418 1.86398 1
0.710345 0.285202 14904 0
0.421744 0.376521 1.8569 1
0.702728 0.25868 14848 0
0.280568 -0.104835 1.9622 1
0.627629 0.563585 15696 0
0.302618 -0.499892 2.00809 1
0.634513 0.796269 16064 0
0.31596 -0.764474 2.04354 1
0.638007 0.945218 16344 0
0.30756 -0.797289 1.97263 1
0.639167 0.981019 15776 0
0.403497 -0.104937 1.94845 1
0.684843 0.564096 15584 0
0.427135 -0.482843 2.00307 1
0.690337 0.786881 16024 0
0.420908 -0.747497 2.03718 1
0.684422 0.93669 16296 0
0.412251 -0.78007 1.96634 1
0.687136 0.972136 15728 0
40
0.34328 -0.0461651 1.97109 1
0.655452 0.527874 15768 0
0.347599 0.0023147 2.01741 1
0.653794 0.498634 16136 0
0.347124 0.30905 2.06463 1
0.650071 0.321853 16512 0
0.35191 0.463974 2.03202 1
0.654582 0.228257 16256 0
0.218788 0.195707 2.03423 1
0.596002 0.385502 16272 0
0.181845 -0.0192683 2.01391 1
0.580596 0.511387 16104 0
0.177003 -0.202183 1.95633 1
0.580759 0.622997 15648 0
0.182866 -0.268115 1.93566 1
0.584325 0.664848 15480 0
0.481367 0.18624 2.00595 1
0.714195 0.389504 16040 0
0.548085 0.227989 1.8354 1
0.766545 0.352165 14680 0
0.442235 0.341473 1.86375 1
0.711796 0.281948 14904 0
0.42308 0.382155 1.85695 1
0.703365 0.255076 14848 0
0.280369 -0.104371 1.96195 1
0.627555 0.563312 15688 0
0.302124 -0.498828 2.00769 1
0.63432 0.795697 16056 0
0.315772 -0.763351 2.04329 1
0.637942 0.944618 16344 0
0.307649 -0.795993 1.97225 1
0.639235 0.98033 15776 0
0.403471 -0.104408 1.94834 1
0.684842 0.563776 15584 0
0.427245 -0.48186 2.00274 1
0.690418 0.786345 16016 0
0.420966 -0.746554 2.03691 1
0.684471 0.936197 16288 0
0.412556 -0.778921 1.96593 1
0.687313 0.971538 15720 0
40
0.343173 -0.045745 1.97102 1
0.655409 0.527621 15768 0
0.347412 0.00282774 2.01738 1
0.653713 0.498332 16136 0
0.346353 0.310327 2.06519 1
0.649697 0.321166 16520 0
0.351637 0.463112 2.03046 1
0.654581 0.228553 16240 0
0.217914 0.195879 2.0336 1
0.595647 0.385366 16264 0
0.181352 -0.0191775 2.01346 1
0.580396 0.511335 16104 0
0.176514 -0.202098 1.95613 1
0.580544 0.622958 15648 0
0.182362 -0.268042 1.9355 1
0.5841 0.664818 15480 0
0.481467 0.186518 2.00424 1
0.714423 0.389245 16032 0
0.549796 0.230213 1.8363 1
0.767246 0.350797 14688 0
0.445855 0.346235 1.86331 1
0.713581 0.278854 14904 0
0.425058 0.387337 1.85682 1
0.704329 0.251738 14848 0
0.280211 -0.104018 1.96176 1
0.627495 0.563104 15688 0
0.301742 -0.497973 2.00736 1
0.634173 0.795239 16056 0
0.315625 -0.762451 2.04309 1
0.637891 0.944137 16344 0
0.307683 -0.794883 1.97193 1
0.639273 0.979738 15768 0
0.403451 -0.10401 1.94826 1
0.684841 0.563536 15584 0
0.427342 -0.481055 2.00246 1
0.690487 0.785906 16016 0
0.42102 -0.74579 2.03668 1
0.684516 0.935798 16288 0
0.41278 -0.777942 1.96559 1
0.687448 0.971029 15720 0
40
0.343085 -0.0454309 1.97096 1
0.655374 0.527433 15760 0
0.347269 0.00322572 2.01737 1
0.653651 0.498097 16136 0
0.34572 0.311375 2.06561 1
0.649393 0.320598 16520 0
0.351407 0.46254 2.02942 1
0.654558 0.22875 16232 0
0.217045 0.195993 2.033 1
0.595294 0.385265 16256 0
0.180874 -0.0191325 2.01302 1
0.580202 0.511311 16104 0
0.176053 -0.202016 1.95594 1
0.580342 0.62292 15640 0
0.181897 -0.267972 1.93534 1
0.583892 0.664787 15480 0
0.48146 0.186813 2.0023 1
0.714628 0.388962 16016 0
0.552093 0.232357 1.83755 1
0.76818 0.34951 14696 0
0.44939 0.350438 1.86283 1
0.715329 0.276113 14896 0
0.42733 0.391976 1.85662 1
0.705444 0.248737 14848 0
0.280083 -0.103756 1.96161 1
0.627446 0.562949 15688 0
0.30145 -0.497284 2.00708 1
0.634062 0.794871 16056 0
0.315512 -0.761732 2.04293 1
0.637853 0.943753 16336 0
0.307672 -0.793937 1.97167 1
0.639286 0.979231 15768 0
0.403436 -0.103716 1.94819 1
0.684841 0.563359 15584 0
0.427421 -0.480437 2.00224 1
0.690543 0.78557 16016 0
0.420986 -0.745206 2.03649 1
0.684518 0.935497 16288 0
0.41285 -0.777141 1.96529 1
0.687508 0.970614 15720 0
40
0.343013 -0.045193 1.97092 1
0.655344 0.52729 15760 0
0.34716 0.00354468 2.01736 1
0.653603 0.497909 16136 0
0.345207 0.31231 2.06591 1
0.649149 0.320085 16520 0
0.351236 0.462204 2.02873 1
0.654535 0.228855 16224 0
0.216244 0.196083 2.03249 1
0.594966 0.385183 16256 0
0.180393 -0.0191005 2.01258 1
0.580005 0.511295 16096 0
0.175616 -0.201929 1.95575 1
0.58015 0.622879 15640 0
0.181473 -0.267897 1.9352 1
0.583703 0.664754 15480 0
0.481401 0.187086 2.0004 1
0.714805 0.388694 16000 0
0.554572 0.234435 1.83898 1
0.769175 0.348282 14704 0
0.452041 0.353644 1.86243 1
0.716646 0.274016 14896 0
0.429338 0.395754 1.8564 1
0.706434 0.246285 14848 0
0.27998 -0.103558 1.96151 1
0.627406 0.562833 15688 0
0.30123 -0.496733 2.00685 1
0.633979 0.794578 16048 0
0.315424 -0.761164 2.0428 1
0.637823 0.94345 16336 0
0.307626 -0.793138 1.97145 1
0.639281 0.978803 15768 0
0.403424 -0.103496 1.94813 1
0.68484 0.563226 15584 0
0.427469 -0.480013 2.00208 1
0.690579 0.78534 16016 0
0.420965 -0.744808 2.03636 1
0.684521 0.935295 16288 0
0.412881 -0.776544 1.96506 1
0.687544 0.970309 15720 0
40
0.342949 -0.0450121 1.97089 1
0.655318 0.527181 15760 0
0.347072 0.0038041 2.01735 1
0.653565 0.497756 16136 0
0.344703 0.313231 2.06616 1
0.648914 0.319577 16528 0
0.351104 0.46211 2.02843 1
0.6545 0.22887 16224 0
0.215553 0.196158 2.03206 1
0.594683 0.385115 16256 0
0.179934 -0.019071 2.01217 1
0.579818 0.51128 16096 0
0.175175 -0.201806 1.95557 1
0.579956 0.622815 15640 0
0.181077 -0.267791 1.93506 1
0.583526 0.6647 15480 0
0.481257 0.187263 1.99855 1
0.714939 0.388486 15984 0
0.557402 0.236763 1.84081 1
0.77028 0.346927 14720 0
0.453716 0.355899 1.86206 1
0.717493 0.272529 14896 0
0.430823 0.398632 1.85613 1
0.707178 0.244403 14848 0
0.279892 -0.103405 1.96142 1
0.627372 0.562743 15688 0
0.301038 -0.496195 2.00661 1
0.63391 0.794295 16048 0
0.31534 -0.76062 2.04268 1
0.637795 0.943159 16336 0
0.307531 -0.792372 1.97125 1
0.639252 0.978388 15768 0
0.403415 -0.103331 1.94809 1
0.68484 0.563127 15584 0
0.4275 -0.479705 2.00196 1
0.690605 0.785175 16008 0
0.420952 -0.744522 2.03625 1
0.684525 0.93515 16288 0
0.412885 -0.776084 1.96487 1
0.687564 0.970075 15712 0
40
0.342892 -0.0448707 1.97086 1
0.655294 0.527096 15760 0
0.346998 0.00403521 2.01736 1
0.653532 0.497619 16136 0
0.344155 0.314185 2.06634 1
0.648664 0.319042 16528 0
0.352208 0.461673 2.02521 1
0.655233 0.228695 16200 0
0.214973 0.196218 2.03171 1
0.594444 0.38506 16248 0
0.179468 -0.0190416 2.01177 1
0.579627 0.511265 16088 0
0.174698 -0.201609 1.95538 1
0.579746 0.622707 15640 0
0.180657 -0.267616 1.93492 1
0.583338 0.664604 15472 0
0.481067 0.187596 1.99688 1
0.715034 0.388194 15968 0
0.560488 0.239829 1.8431 1
0.771438 0.345138 14744 0
0.458389 0.361402 1.86203 1
0.719736 0.269008 14896 0
0.434483 0.403665 1.85608 1
0.708944 0.241169 14848 0
0.279821 -0.103289 1.96136 1
0.627343 0.562674 15688 0
0.300889 -0.495737 2.00639 1
0.633859 0.794055 16048 0
0.315289 -0.760167 2.04258 1
0.637779 0.942918 16336 0
0.307432 -0.791707 1.97107 1
0.63922 0.978029 15768 0
0.403408 -0.1032 1.94805 1
0.684841 0.563048 15584 0
0.42752 -0.479482 2.00187 1
0.690622 0.785055 16008 0
0.420943 -0.744317 2.03617 1
0.684528 0.935048 16288 0
0.412867 -0.775731 1.96472 1
0.68757 0.969898 15712 0
40
0.342838 -0.0447472 1.97085 1
0.655271 0.527021 15760 0
0.346929 0.00427462 2.01736 1
0.653501 0.497478 16136 0
0.343578 0.31515 2.0665 1
0.648403 0.318501 16528 0
0.354109 0.461097 2.02082 1
0.656409 0.228446 16160 0
0.214484 0.19627 2.03142 1
0.594243 0.385014 16248 0
0.179004 -0.0190076 2.0114 1
0.579436 0.511247 16088 0
0.174216 -0.201355 1.95521 1
0.579533 0.622563 15640 0
0.180233 -0.267384 1.9348 1
0.583148 0.664472 15472 0
0.480866 0.188127 1.99552 1
0.715091 0.387801 15960 0
0.563 0.242462 1.84502 1
0.772371 0.343601 14760 0
0.462272 0.365971 1.86227 1
0.721569 0.266118 14896 0
0.437937 0.408152 1.85621 1
0.710591 0.23831 14848 0
0.279764 -0.103194 1.96132 1
0.62732 0.562618 15688 0
0.300769 -0.495345 2.00619 1
0.633818 0.793852 16048 0
0.315269 -0.759788 2.04248 1
0.637777 0.942717 16336 0
0.307344 -0.791133 1.97092 1
0.63919 0.977719 15760 0
0.403405 -0.103079 1.948 1
0.684844 0.562976 15584 0
0.42753 -0.479317 2.0018 1
0.690634 0.784967 16008 0
0.420922 -0.744169 2.0361 1
0.684526 0.934976 16288 0
0.412817 -0.775452 1.96459 1
0.68756 0.969759 15712 0
40
0.342787 -0.0446116 1.97084 1
0.655248 0.526939 15760 0
0.346886 0.00458515 2.01739 1
0.65348 0.497295 16136 0
0.343248 0.316511 2.06686 1
0.648235 0.317749 16528 0
0.360738 0.460129 2.00824 1
0.660335 0.227318 16064 0
0.214062 0.196335 2.03118 1
0.594069 0.384962 16248 0
0.178542 -0.0189449 2.01104 1
0.579245 0.511212 16088 0
0.17373 -0.201081 1.95505 1
0.579318 0.622407 15640 0
0.179818 -0.267131 1.93468 1
0.582962 0.664327 15472 0
0.480652 0.188842 1.99436 1
0.715119 0.38731 15952 0
0.565181 0.245155 1.84686 1
0.773153 0.342022 14768 0
0.4654 0.369993 1.86295 1
0.722986 0.263635 14896 0
0.435799 0.420548 1.87552 1
0.707405 0.233138 15000 0
0.279718 -0.103099 1.96129 1
0.627301 0.562561 15688 0
0.300672 -0.495019 2.00601 1
0.633787 0.793685 16048 0
0.31526 -0.75948 2.04241 1
0.637778 0.942554 16336 0
0.307258 -0.790647 1.9708 1
0.63916 0.977456 15760 0
0.40341 -0.102909 1.94791 1
0.684855 0.562875 15576 0
0.427529 -0.479199 2.00173 1
0.690639 0.784906 16008 0
0.420873 -0.744076 2.03603 1
0.68451 0.934936 16288 0
0.412728 -0.775231 1.96448 1
0.68753 0.969652 15712 0
40
0.34273 -0.0444539 1.97084 1
0.655223 0.526844 15760 0
0.346839 0.00499213 2.01744 1
0.653455 0.497055 16136 0
0.342894 0.318436 2.06735 1
0.648047 0.316684 16536 0
0.363536 0.460086 2.00308 1
0.661996 0.226641 16024 0
0.213651 0.196386 2.03093 1
0.5939 0.384918 16240 0
0.178008 -0.0188883 2.01068 1
0.579022 0.51118 16080 0
0.173269 -0.200843 1.95488 1
0.579114 0.622273 15632 0
0.17942 -0.26691 1.93455 1
0.582784 0.664202 15472 0
0.480457 0.18958 1.9934 1
0.715137 0.386814 15944 0
0.566997 0.24787 1.84859 1
0.773775 0.340421 14784 0
0.467871 0.373584 1.86385 1
0.724063 0.261455 14904 0
0.435283 0.425381 1.88206 1
0.706439 0.23101 15056 0
0.279671 -0.102997 1.96128 1
0.62728 0.5625 15688 0
0.300593 -0.494754 2.00586 1
0.633762 0.79355 16040 0
0.315258 -0.759237 2.04235 1
0.637781 0.942426 16336 0
0.307181 -0.790243 1.97069 1
0.639133 0.977237 15760 0
0.40342 -0.102713 1.9478 1
0.68487 0.562759 15576 0
0.427506 -0.479151 2.00166 1
0.690636 0.784888 16008 0
0.420752 -0.744085 2.03596 1
0.684464 0.934957 16280 0
0.412594 -0.775084 1.96438 1
0.687479 0.969587 15712 0
40
0.342656 -0.0442509 1.97084 1
0.655189 0.526722 15760 0
0.346777 0.00550955 2.0175 1
0.653423 0.49675 16136 0
0.34256 0.320445 2.06775 1
0.647874 0.315563 16536 0
0.367136 0.460454 1.99631 1
0.664154 0.225495 15968 0
0.213199 0.196427 2.03066 1
0.593713 0.384878 16240 0
0.17744 -0.0188451 2.01031 1
0.578785 0.511156 16080 0
0.172794 -0.200578 1.95471 1
0.578904 0.622122 15632 0
0.179026 -0.266667 1.93442 1
0.582607 0.664063 15472 0
0.480272 0.190417 1.99256 1
0.715144 0.386267 15936 0
0.56868 0.250673 1.85022 1
0.774347 0.338758 14800 0
0.469907 0.376789 1.86498 1
0.724901 0.259554 14912 0
0.434832 0.428936 1.88695 1
0.705691 0.229465 15088 0
0.279613 -0.102873 1.96131 1
0.627252 0.562424 15688 0
0.300526 -0.494536 2.00572 1
0.633741 0.79344 16040 0
0.315257 -0.759044 2.04229 1
0.637785 0.942325 16336 0
0.307105 -0.789905 1.9706 1
0.639105 0.977055 15760 0
0.403429 -0.10249 1.94765 1
0.684888 0.562627 15576 0
0.427483 -0.479131 2.0016 1
0.690632 0.784886 16008 0
0.420549 -0.74414 2.03589 1
0.684381 0.935004 16280 0
0.412209 -0.774956 1.96424 1
0.687317 0.969543 15712 0
40
0.342573 -0.0440077 1.97085 1
0.65515 0.526575 15760 0
0.346714 0.00608039 2.01756 1
0.653391 0.496413 16136 0
0.342303 0.322188 2.06806 1
0.647741 0.314587 16544 0
0.36978 0.460924 1.99179 1
0.665712 0.224591 15928 0
0.212796 0.196522 2.03044 1
0.593546 0.384811 16240 0
0.176863 -0.0187238 2.00997 1
0.578542 0.511087 16072 0
0.172354 -0.200324 1.95454 1
0.57871 0.621978 15632 0
0.178631 -0.266419 1.93427 1
0.582432 0.663923 15472 0
0.48006 0.191281 1.99185 1
0.715126 0.38571 15928 0
0.570188 0.253736 1.85171 1
0.774852 0.336919 14808 0
0.471924 0.380304 1.8668 1
0.725646 0.257548 14928 0
0.434539 0.43189 1.891 1
0.705113 0.228184 15120 0
0.27955 -0.102703 1.96138 1
0.627219 0.562318 15688 0
0.300495 -0.494433 2.00563 1
0.633733 0.793393 16040 0
0.315255 -0.758944 2.04226 1
0.637785 0.942273 16336 0
0.307053 -0.789713 1.97055 1
0.639085 0.976952 15760 0
0.403427 -0.102199 1.94745 1
0.684907 0.562456 15576 0
0.427437 -0.479201 2.00151 1
0.69062 0.784939 16008 0
0.420265 -0.744317 2.03584 1
0.684261 0.935119 16280 0
0.411936 -0.77491 1.96416 1
0.6872 0.969534 15712 0
40
0.34248 -0.0437473 1.97087 1
0.655107 0.526417 15760 0
0.346639 0.00667859 2.01764 1
0.653351 0.496061 16136 0
0.341996 0.323886 2.06828 1
0.647593 0.31363 16544 0
0.371805 0.460891 1.98853 1
0.666892 0.224159 15904 0
0.212434 0.19662 2.03026 1
0.593396 0.384743 16240 0
0.176286 -0.0185854 2.00965 1
0.578298 0.511006 16072 0
0.171939 -0.200096 1.95436 1
0.578528 0.62185 15632 0
0.178257 -0.266197 1.93412 1
0.582265 0.663799 15472 0
0.479837 0.192106 1.99129 1
0.715086 0.385185 15928 0
0.571624 0.256731 1.85304 1
0.775347 0.335113 14824 0
0.47363 0.383385 1.86873 1
0.726229 0.255836 14944 0
0.434376 0.434189 1.89416 1
0.704692 0.227194 15152 0
0.279481 -0.102508 1.96149 1
0.62718 0.562196 15688 0
0.300474 -0.494369 2.00555 1
0.63373 0.793367 16040 0
0.315254 -0.758881 2.04224 1
0.637787 0.942241 16336 0
0.307007 -0.78957 1.97051 1
0.639067 0.976876 15760 0
0.403413 -0.101894 1.94723 1
0.684921 0.562276 15576 0
0.42739 -0.479295 2.00142 1
0.690608 0.785008 16008 0
0.419966 -0.744518 2.03578 1
0.684135 0.935248 16280 0
0.41165 -0.774894 1.96408 1
0.687078 0.969543 15712 0
40
0.342347 -0.043406 1.9709 1
0.655044 0.526211 15760 0
0.346528 0.00737582 2.01774 1
0.653295 0.49565 16136 0
0.341702 0.325528 2.06848 1
0.647452 0.312703 16544 0
0.373258 0.460784 1.98635 1
0.667729 0.22392 15888 0
0.212105 0.196745 2.03012 1
0.593258 0.384661 16240 0
0.175634 -0.0183765 2.00931 1
0.578022 0.510885 16072 0
0.171493 -0.199825 1.95417 1
0.578332 0.621697 15632 0
0.177865 -0.265934 1.93395 1
0.582092 0.663652 15464 0
0.479568 0.19325 1.99084 1
0.715014 0.384475 15920 0
0.572877 0.25957 1.85433 1
0.775758 0.333405 14832 0
0.475119 0.386236 1.87103 1
0.72666 0.254323 14968 0
0.434314 0.436099 1.89691 1
0.704368 0.22639 15168 0
0.279381 -0.102232 1.96169 1
0.627122 0.562022 15688 0
0.300459 -0.494332 2.00547 1
0.633729 0.793356 16040 0
0.315259 -0.758845 2.04222 1
0.63779 0.942224 16336 0
0.306967 -0.78946 1.97047 1
0.639051 0.976818 15760 0
0.403359 -0.101522 1.94698 1
0.68492 0.562057 15568 0
0.427334 -0.479434 2.00132 1
0.690592 0.785105 16008 0
0.419633 -0.744776 2.03573 1
0.683994 0.935409 16280 0
0.411337 -0.77492 1.96402 1
0.686942 0.969575 15712 0
40
0.342205 -0.0430525 1.97095 1
0.654976 0.525997 15760 0
0.346412 0.00806266 2.01784 1
0.653236 0.495245 16136 0
0.341443 0.327011 2.0686 1
0.647331 0.311861 16544 0
0.374471 0.460893 1.98482 1
0.668403 0.223643 15872 0
0.211823 0.196928 2.03002 1
0.593138 0.384548 16240 0
0.174994 -0.0180667 2.00899 1
0.57775 0.510703 16064 0
0.171072 -0.1996 1.95398 1
0.578147 0.621572 15624 0
0.177484 -0.265706 1.93376 1
0.581924 0.663528 15464 0
0.479307 0.194353 1.9905 1
0.714934 0.383796 15920 0
0.5741 0.262659 1.85572 1
0.776139 0.331549 14840 0
0.476349 0.389029 1.87356 1
0.726941 0.25288 14984 0
0.434322 0.437829 1.89933 1
0.70411 0.225656 15192 0
0.279271 -0.101915 1.96193 1
0.627056 0.561822 15688 0
0.300494 -0.494466 2.00538 1
0.63375 0.793449 16040 0
0.315286 -0.759005 2.04223 1
0.637802 0.942317 16336 0
0.306923 -0.789416 1.97045 1
0.639033 0.976796 15760 0
0.403287 -0.10115 1.94675 1
0.684909 0.561837 15568 0
0.427286 -0.479608 2.00121 1
0.690581 0.785224 16008 0
0.41936 -0.745044 2.03569 1
0.683878 0.935575 16280 0
0.411062 -0.774972 1.96396 1
0.686823 0.96962 15704 0
40
0.342054 -0.0426514 1.971 1
0.654903 0.525754 15768 0
0.346296 0.00877362 2.01795 1
0.653176 0.494826 16136 0
0.341224 0.328303 2.06869 1
0.64723 0.311126 16544 0
0.375644 0.46139 1.98423 1
0.668981 0.223261 15872 0
0.211558 0.197187 2.02996 1
0.593024 0.384393 16232 0
0.174313 -0.017638 2.00868 1
0.577459 0.51045 16064 0
0.170625 -0.199346 1.95377 1
0.577951 0.62143 15624 0
0.177058 -0.265444 1.93354 1
0.581736 0.663385 15464 0
0.47903 0.195555 1.99028 1
0.714834 0.383064 15920 0
0.575211 0.265659 1.85706 1
0.776475 0.329748 14856 0
0.481511 0.396058 1.8833 1
0.728213 0.249718 15064 0
0.436371 0.441554 1.9052 1
0.704441 0.224174 15240 0
0.279165 -0.101518 1.96223 1
0.626989 0.561572 15696 0
0.300534 -0.494627 2.00529 1
0.633773 0.793557 16040 0
0.315315 -0.759201 2.04224 1
0.637813 0.942428 16336 0
0.306877 -0.7894 1.97044 1
0.639013 0.97679 15760 0
0.403202 -0.100754 1.94652 1
0.684892 0.561602 15568 0
0.427231 -0.479819 2.0011 1
0.690567 0.785365 16008 0
0.419138 -0.745331 2.03565 1
0.683784 0.935751 16280 0
0.410823 -0.775048 1.96391 1
0.686719 0.969678 15704 0
40
0.341897 -0.0421964 1.97108 1
0.654827 0.525478 15768 0
0.346186 0.00949772 2.01808 1
0.653118 0.494399 16144 0
0.341069 0.32939 2.06876 1
0.647159 0.310507 16544 0
0.376819 0.462232 1.9845 1
0.669486 0.222795 15872 0
0.211167 0.197371 2.02991 1
0.592854 0.384283 16232 0
0.173656 -0.0173925 2.00839 1
0.577178 0.510306 16064 0
0.170186 -0.199085 1.95356 1
0.577759 0.621284 15624 0
0.17663 -0.26517 1.93331 1
0.581549 0.663236 15464 0
0.478789 0.196662 1.99013 1
0.714741 0.382394 15920 0
0.576163 0.268383 1.85828 1
0.77675 0.328116 14864 0
0.484054 0.399587 1.88678 1
0.728995 0.247953 15088 0
0.437787 0.444076 1.90827 1
0.704775 0.223044 15264 0
0.279052 -0.101109 1.96254 1
0.626917 0.561315 15696 0
0.300571 -0.494807 2.00521 1
0.633795 0.793676 16040 0
0.31534 -0.759421 2.04225 1
0.637824 0.942553 16336 0
0.306831 -0.789408 1.97042 1
0.638993 0.976798 15760 0
0.40312 -0.100365 1.9463 1
0.684875 0.561371 15568 0
0.427186 -0.480031 2.00099 1
0.690557 0.785507 16000 0
0.418927 -0.745613 2.03562 1
0.683695 0.935923 16280 0
0.410589 -0.775138 1.96386 1
0.686616 0.969743 15704 0
40
0.341703 -0.0415805 1.97119 1
0.65473 0.525105 15768 0
0.346069 0.0103587 2.01824 1
0.653054 0.493892 16144 0
0.341011 0.330514 2.06885 1
0.647127 0.309869 16544 0
0.378069 0.463304 1.98513 1
0.669995 0.22224 15880 0
0.210774 0.197582 2.02991 1
0.592682 0.384158 16232 0
0.173006 -0.0171223 2.00813 1
0.576899 0.510148 16064 0
0.169769 -0.198831 1.95335 1
0.577577 0.621142 15624 0
0.176216 -0.2649 1.93308 1
0.581367 0.663089 15464 0
0.47857 0.197972 1.9901 1
0.714647 0.381608 15920 0
0.576987 0.270821 1.85943 1
0.776974 0.326662 14872 0
0.487095 0.402897 1.89122 1
0.729892 0.246461 15128 0
0.43997 0.446774 1.9122 1
0.705373 0.221935 15296 0
0.278904 -0.100572 1.96296 1
0.626822 0.560976 15696 0
0.300603 -0.494994 2.00513 1
0.633815 0.793799 16040 0
0.315385 -0.759653 2.04227 1
0.637842 0.942686 16336 0
0.30679 -0.78943 1.97042 1
0.638975 0.976813 15760 0
0.402998 -0.0998676 1.94605 1
0.684843 0.561075 15568 0
0.427146 -0.480242 2.00088 1
0.69055 0.785648 16000 0
0.418725 -0.745889 2.03559 1
0.683609 0.936091 16280 0
0.410352 -0.775241 1.96382 1
0.686513 0.969816 15704 0
40
0.341466 -0.0407405 1.97135 1
0.65461 0.524595 15768 0
0.345919 0.0113467 2.01842 1
0.652973 0.49331 16144 0
0.340953 0.331451 2.06891 1
0.647098 0.309335 16544 0
0.379137 0.464415 1.98602 1
0.670398 0.221699 15888 0
0.210199 0.197771 2.02992 1
0.592428 0.384049 16232 0
0.172355 -0.0169361 2.00789 1
0.576619 0.510038 16056 0
0.169383 -0.198596 1.95315 1
0.577408 0.621012 15624 0
0.175815 -0.26465 1.93285 1
0.581192 0.662955 15456 0
0.478424 0.199325 1.99018 1
0.714572 0.380804 15920 0
0.577678 0.272983 1.86061 1
0.777131 0.325388 14880 0
0.488968 0.405151 1.89425 1
0.730407 0.245451 15152 0
0.441662 0.448951 1.91533 1
0.705826 0.221036 15320 0
0.278731 -0.0999901 1.96343 1
0.626714 0.560609 15704 0
0.300636 -0.49522 2.00504 1
0.633835 0.793945 16040 0
0.315432 -0.759929 2.04228 1
0.637862 0.942843 16336 0
0.30675 -0.78948 1.97041 1
0.638958 0.976845 15760 0
0.402875 -0.0992852 1.94579 1
0.684812 0.560727 15560 0
0.427105 -0.480501 2.00076 1
0.690543 0.78582 16000 0
0.418517 -0.746209 2.03556 1
0.68352 0.936284 16280 0
0.410115 -0.775376 1.96378 1
0.686409 0.969907 15704 0
40
0.341239 -0.0399101 1.97152 1
0.654494 0.524092 15768 0
0.345773 0.0122898 2.01862 1
0.652894 0.492754 16144 0
0.340908 0.332298 2.06897 1
0.647074 0.308854 16544 0
0.38004 0.465462 1.98711 1
0.670711 0.221224 15896 0
0.209631 0.197958 2.02996 1
0.592177 0.383941 16232 0
0.171674 -0.0167475 2.00766 1
0.576325 0.509928 16056 0
0.168994 -0.198358 1.95295 1
0.577239 0.620879 15616 0
0.175421 -0.264402 1.93263 1
0.581019 0.66282 15456 0
0.478286 0.200781 1.99039 1
0.714489 0.379945 15920 0
0.578256 0.27487 1.86166 1
0.777251 0.324281 14888 0
0.490194 0.406751 1.89637 1
0.730727 0.244731 15168 0
0.442986 0.450712 1.9178 1
0.706178 0.220302 15336 0
0.278563 -0.0994352 1.96386 1
0.626609 0.560259 15704 0
0.300668 -0.49545 2.00496 1
0.633855 0.794095 16032 0
0.315479 -0.76021 2.0423 1
0.637881 0.943002 16336 0
0.306711 -0.789545 1.9704 1
0.63894 0.976885 15760 0
0.402756 -0.0986874 1.94555 1
0.684779 0.560369 15560 0
0.427077 -0.480759 2.00063 1
0.690543 0.785991 16000 0
0.4184 -0.746498 2.03554 1
0.683471 0.936457 16280 0
0.40995 -0.7755 1.96375 1
0.686337 0.969989 15704 0
40
0.341037 -0.0391378 1.97168 1
0.65439 0.523624 15768 0
0.345639 0.0131468 2.01879 1
0.652822 0.49225 16144 0
0.340848 0.333038 2.069 1
0.647046 0.308431 16552 0
0.380821 0.466521 1.98834 1
0.670956 0.220762 15904 0
0.208838 0.198023 2.03002 1
0.591826 0.383906 16240 0
0.171008 -0.0167132 2.00743 1
0.576038 0.509909 16056 0
0.168622 -0.198124 1.95275 1
0.577076 0.620749 15616 0
0.175048 -0.264162 1.93242 1
0.580856 0.66269 15456 0
0.478136 0.20223 1.99069 1
0.714388 0.379098 15920 0
0.57415 0.291134 1.8687 1
0.774246 0.314585 14944 0
0.484409 0.417746 1.90247 1
0.727274 0.238671 15216 0
0.440951 0.458076 1.92273 1
0.704704 0.216462 15376 0
0.278414 -0.0989427 1.96426 1
0.626516 0.559948 15712 0
0.300735 -0.495892 2.00486 1
0.633892 0.794371 16032 0
0.31555 -0.760728 2.04236 1
0.637908 0.943292 16336 0
0.306668 -0.789722 1.97042 1
0.63892 0.97699 15760 0
0.402655 -0.0981278 1.94534 1
0.684753 0.560033 15560 0
0.427063 -0.481031 2.0005 1
0.69055 0.786172 16000 0
0.418297 -0.746795 2.03553 1
0.683426 0.936634 16280 0
0.409797 -0.775638 1.96372 1
0.68627 0.970079 15704 0
40
0.340857 -0.0383681 1.97186 1
0.654295 0.523157 15768 0
0.345511 0.0139711 2.01897 1
0.652751 0.491764 16144 0
0.340756 0.333701 2.06903 1
0.647005 0.308052 16552 0
0.38145 0.467734 1.98996 1
0.671099 0.220265 15912 0
0.208032 0.197998 2.03006 1
0.591469 0.383924 16240 0
0.170254 -0.0167696 2.0072 1
0.575711 0.509943 16056 0
0.16828 -0.197946 1.95255 1
0.576928 0.620653 15616 0
0.174703 -0.263979 1.9322 1
0.580705 0.662596 15456 0
0.478017 0.203575 1.99104 1
0.714297 0.378315 15928 0
0.571543 0.301176 1.87313 1
0.772355 0.308643 14984 0
0.479994 0.425153 1.90662 1
0.724712 0.234616 15248 0
0.438711 0.464463 1.9269 1
0.703223 0.21313 15408 0
0.278283 -0.0984674 1.96467 1
0.62643 0.559648 15712 0
0.300791 -0.49632 2.00477 1
0.633922 0.794638 16032 0
0.315625 -0.761232 2.04241 1
0.637937 0.943574 16336 0
0.30663 -0.789916 1.97043 1
0.638902 0.977103 15760 0
0.402576 -0.0975743 1.94516 1
0.684734 0.5597 15560 0
0.427054 -0.481317 2.00036 1
0.690558 0.786362 16000 0
0.418196 -0.747107 2.03551 1
0.683383 0.936819 16280 0
0.409646 -0.775794 1.9637 1
0.686204 0.97018 15704 0
40
0.340696 -0.0376612 1.97203 1
0.654209 0.522729 15776 0
0.345389 0.0147195 2.01914 1
0.652684 0.491324 16152 0
0.340647 0.3343 2.06903 1
0.646958 0.307707 16552 0
0.381942 0.468938 1.99161 1
0.671177 0.219778 15928 0
0.207285 0.19795 2.03012 1
0.591138 0.383955 16240 0
0.169558 -0.0168524 2.00692 1
0.575412 0.509994 16048 0
0.167947 -0.197792 1.95235 1
0.576784 0.620571 15616 0
0.174382 -0.263824 1.93199 1
0.580565 0.662518 15448 0
0.477924 0.204722 1.9914 1
0.714218 0.377651 15928 0
0.569853 0.3074 1.87602 1
0.771132 0.304989 15008 0
0.476942 0.430037 1.90951 1
0.722945 0.231974 15272 0
0.436714 0.469605 1.93029 1
0.701943 0.210464 15440 0
0.278164 -0.0980285 1.96506 1
0.626351 0.55937 15720 0
0.300823 -0.496713 2.00468 1
0.633943 0.794886 16032 0
0.315678 -0.761692 2.04246 1
0.637957 0.943831 16336 0
0.306589 -0.790114 1.97044 1
0.638882 0.97722 15760 0
0.402509 -0.0970732 1.945 1
0.684718 0.559398 15552 0
0.427044 -0.481627 2.00022 1
0.690567 0.786566 16000 0
0.418077 -0.747447 2.0355 1
0.683332 0.937019 16280 0
0.409484 -0.775978 1.96367 1
0.686132 0.970297 15704 0
40
0.340496 -0.0367886 1.97227 1
0.654099 0.522199 15776 0
0.345215 0.0156063 2.01938 1
0.65259 0.490802 16152 0
0.340517 0.334911 2.06903 1
0.646901 0.307356 16552 0
0.382314 0.470156 1.99331 1
0.671198 0.219289 15944 0
0.206587 0.197893 2.03017 1
0.590829 0.383991 16240 0
0.1687 -0.0169404 2.00668 1
0.57504 0.510047 16048 0
0.167629 -0.197668 1.95215 1
0.576646 0.620508 15616 0
0.174088 -0.263701 1.93179 1
0.580438 0.662459 15448 0
0.477875 0.205963 1.99193 1
0.714139 0.376942 15928 0
0.56881 0.311403 1.87792 1
0.77036 0.30265 15016 0
0.474913 0.43324 1.91157 1
0.721757 0.230269 15288 0
0.435106 0.473542 1.933 1
0.700918 0.208445 15456 0
0.277989 -0.0974649 1.96554 1
0.626241 0.559014 15720 0
0.300837 -0.497063 2.00459 1
0.633955 0.795106 16032 0
0.315708 -0.762102 2.04251 1
0.637967 0.944059 16336 0
0.306551 -0.790309 1.97045 1
0.638864 0.977335 15760 0
0.402435 -0.0965094 1.94488 1
0.684696 0.559057 15552 0
0.426999 -0.48203 2.00008 1
0.69056 0.786826 16000 0
0.417932 -0.747897 2.03551 1
0.683268 0.937282 16280 0
0.409313 -0.776229 1.96365 1
0.686056 0.970454 15704 0
40
0.340322 -0.0359687 1.97252 1
0.654 0.521702 15776 0
0.345056 0.0164226 2.01962 1
0.652501 0.490322 16152 0
0.34039 0.335453 2.06905 1
0.646845 0.307046 16552 0
0.382641 0.471324 1.99496 1
0.671203 0.218824 15952 0
0.20587 0.197773 2.03022 1
0.590511 0.384065 16240 0
0.167906 -0.0170969 2.00646 1
0.574695 0.510141 16048 0
0.167306 -0.19753 1.95197 1
0.576505 0.620435 15608 0
0.173812 -0.26357 1.93162 1
0.580318 0.662393 15448 0
0.477822 0.207133 1.99249 1
0.714055 0.376278 15936 0
0.568124 0.314108 1.87923 1
0.769847 0.301074 15032 0
0.473585 0.435462 1.91313 1
0.720956 0.229107 15304 0
0.433894 0.476604 1.93521 1
0.700128 0.206896 15480 0
0.277828 -0.0969426 1.96599 1
0.626139 0.558685 15720 0
0.300818 -0.497307 2.00451 1
0.633952 0.795264 16032 0
0.315724 -0.762382 2.04254 1
0.637972 0.944216 16336 0
0.306516 -0.790454 1.97046 1
0.638848 0.977421 15760 0
0.402382 -0.0959534 1.9448 1
0.684679 0.558719 15552 0
0.426953 -0.482404 1.99995 1
0.690552 0.787067 15992 0
0.417824 -0.748317 2.03551 1
0.68322 0.937527 16280 0
0.40917 -0.776475 1.96364 1
0.685993 0.970608 15704 0
40
0.340175 -0.0352402 1.97276 1
0.653915 0.52126 15776 0
0.344916 0.0171442 2.01985 1
0.652422 0.489898 16152 0
0.34027 0.335937 2.06909 1
0.646791 0.306771 16552 0
0.382857 0.47233 1.99662 1
0.671157 0.218458 15968 0
0.205092 0.197543 2.03027 1
0.590167 0.384203 16240 0
0.167161 -0.0173563 2.00627 1
0.57437 0.510296 16048 0
0.166989 -0.197387 1.9518 1
0.576367 0.620358 15608 0
0.173558 -0.263439 1.93146 1
0.580207 0.662326 15448 0
0.477765 0.208214 1.99306 1
0.713968 0.375668 15944 0
0.567646 0.316012 1.88019 1
0.769482 0.29997 15040 0
0.472647 0.437036 1.91436 1
0.720377 0.228302 15312 0
0.432947 0.478959 1.93704 1
0.699503 0.205726 15496 0
0.277683 -0.0964805 1.96639 1
0.626047 0.558393 15728 0
0.300791 -0.497528 2.00443 1
0.633945 0.795405 16032 0
0.315735 -0.762637 2.04257 1
0.637975 0.94436 16336 0
0.306484 -0.790601 1.97047 1
0.638833 0.977508 15760 0
0.402347 -0.0954405 1.94476 1
0.684667 0.558406 15552 0
0.42691 -0.482757 1.99984 1
0.690544 0.787294 15992 0
0.417745 -0.748717 2.03552 1
0.683185 0.937759 16280 0
0.409049 -0.776722 1.96362 1
0.68594 0.970761 15704 0
40
0.340045 -0.0345811 1.97301 1
0.653837 0.520859 15784 0
0.344793 0.017787 2.02009 1
0.65235 0.489521 16160 0
0.340172 0.336362 2.06916 1
0.646743 0.306534 16552 0
0.382987 0.473073 1.99814 1
0.671085 0.21823 15984 0
0.204242 0.197193 2.03035 1
0.58979 0.384412 16240 0
0.166453 -0.0177186 2.0061 1
0.574061 0.510512 16048 0
0.16669 -0.197249 1.95165 1
0.576236 0.620283 15608 0
0.173328 -0.263315 1.93133 1
0.580106 0.66226 15448 0
0.477674 0.20924 1.99365 1
0.713863 0.375093 15944 0
0.567291 0.31741 1.88092 1
0.769209 0.299164 15040 0
0.471939 0.438193 1.91537 1
0.719931 0.227726 15320 0
0.432168 0.480825 1.93859 1
0.698985 0.204815 15504 0
0.27754 -0.096063 1.96677 1
0.625958 0.558129 15728 0
0.300758 -0.497709 2.00437 1
0.633935 0.795523 16032 0
0.31574 -0.762849 2.04259 1
0.637976 0.944478 16336 0
0.306453 -0.790734 1.97047 1
0.638819 0.977587 15760 0
0.402322 -0.0949536 1.94476 1
0.684656 0.558108 15552 0
0.426867 -0.483075 1.99974 1
0.690534 0.787497 15992 0
0.417675 -0.749086 2.03553 1
0.683153 0.937973 16280 0
0.408936 -0.776965 1.96361 1
0.68589 0.970912 15704 0
40
0.339942 -0.0341016 1.97324 1
0.653773 0.520568 15784 0
0.344684 0.0182912 2.02032 1
0.652284 0.489225 16160 0
0.340041 0.336844 2.06931 1
0.646676 0.306271 16552 0
0.383063 0.473807 1.99974 1
0.670982 0.218018 15992 0
0.203536 0.196974 2.03044 1
0.589476 0.384545 16240 0
0.165875 -0.0179532 2.00599 1
0.573808 0.510651 16040 0
0.166411 -0.197126 1.95153 1
0.576114 0.620216 15608 0
0.173113 -0.263204 1.93121 1
0.580011 0.662202 15448 0
0.477608 0.210137 1.99424 1
0.713771 0.374594 15952 0
0.56702 0.318449 1.8815 1
0.768997 0.298569 15048 0
0.471369 0.439049 1.91624 1
0.719566 0.227318 15328 0
0.431488 0.482318 1.9399 1
0.698538 0.204099 15512 0
0.277418 -0.0958207 1.96698 1
0.625889 0.557976 15728 0
0.300719 -0.497869 2.00431 1
0.633922 0.795627 16032 0
0.315734 -0.763044 2.04261 1
0.637972 0.944587 16336 0
0.306421 -0.790867 1.97048 1
0.638804 0.977666 15760 0
0.402367 -0.0945415 1.94502 1
0.684651 0.557848 15560 0
0.426816 -0.4834 1.99966 1
0.690519 0.787702 15992 0
0.417629 -0.749475 2.03554 1
0.683132 0.938198 16280 0
0.408804 -0.777404 1.96359 1
0.685832 0.971183 15704 0
40
0.339835 -0.0336879 1.97347 1
0.653706 0.520316 15784 0
0.344572 0.0187306 2.02056 1
0.652216 0.488968 16160 0
0.339897 0.337331 2.06954 1
0.646597 0.306012 16552 0
0.383028 0.474436 2.00151 1
0.670816 0.217893 16008 0
0.203091 0.196953 2.03059 1
0.589273 0.384567 16240 0
0.16546 -0.0179936 2.00593 1
0.573626 0.510676 16040 0
0.166154 -0.197022 1.95143 1
0.576 0.620159 15608 0
0.172919 -0.263111 1.93112 1
0.579926 0.662152 15448 0
0.477548 0.21088 1.99478 1
0.713686 0.374185 15952 0
0.566822 0.319189 1.88196 1
0.768838 0.298149 15048 0
0.470963 0.43965 1.91692 1
0.719298 0.227042 15328 0
0.430968 0.483451 1.94095 1
0.698192 0.203563 15520 0
0.277271 -0.0955784 1.96723 1
0.625807 0.557823 15736 0
0.300678 -0.498003 2.00426 1
0.633907 0.795714 16032 0
0.315722 -0.763211 2.04263 1
0.637965 0.944681 16336 0
0.306383 -0.790993 1.97048 1
0.638786 0.977741 15760 0
0.402386 -0.0941652 1.94531 1
0.684632 0.557609 15560 0
0.426739 -0.483764 1.9996 1
0.690491 0.787927 15992 0
0.417614 -0.749916 2.03556 1
0.683124 0.938451 16280 0
0.408721 -0.777726 1.96358 1
0.685794 0.97138 15704 0
40
0.339739 -0.0333473 1.9737 1
0.653645 0.520108 15784 0
0.344471 0.0190935 2.0208 1
0.652154 0.488755 16160 0
0.339748 0.337764 2.06981 1
0.646515 0.305788 16552 0
0.382976 0.474986 2.00289 1
0.670675 0.217761 16016 0
0.202736 0.197008 2.0308 1
0.589108 0.384546 16240 0
0.16516 -0.0179839 2.0059 1
0.573494 0.51067 16040 0
0.165915 -0.196944 1.95134 1
0.575894 0.620116 15608 0
0.172746 -0.263041 1.93105 1
0.579849 0.662115 15448 0
0.477482 0.211415 1.99524 1
0.713608 0.373894 15960 0
0.566685 0.319682 1.88238 1
0.768713 0.297883 15056 0
0.47067 0.440076 1.91748 1
0.719098 0.226858 15336 0
0.430561 0.484328 1.94179 1
0.697919 0.203155 15528 0
0.277138 -0.0953655 1.96746 1
0.625731 0.557687 15736 0
0.300634 -0.498126 2.00422 1
0.63389 0.795793 16032 0
0.315706 -0.763372 2.04265 1
0.637957 0.94477 16336 0
0.306344 -0.791122 1.97049 1
0.638768 0.977817 15760 0
0.402396 -0.0938379 1.94562 1
0.684608 0.5574 15560 0
0.426667 -0.484093 1.99955 1
0.690463 0.78813 15992 0
0.417585 -0.750323 2.03558 1
0.68311 0.938685 16280 0
0.408633 -0.778034 1.96357 1
0.685755 0.971568 15704 0
40
0.339648 -0.033058 1.97393 1
0.653586 0.519931 15784 0
0.344377 0.0194015 2.02105 1
0.652094 0.488575 16168 0
0.339637 0.338153 2.07011 1
0.646445 0.305593 16560 0
0.382926 0.475426 2.0039 1
0.670566 0.217642 16024 0
0.202444 0.19709 2.03101 1
0.588971 0.384509 16248 0
0.164907 -0.0179451 2.00591 1
0.573381 0.510647 16040 0
0.165687 -0.196874 1.95129 1
0.575792 0.620077 15608 0
0.172581 -0.262976 1.93099 1
0.579775 0.66208 15440 0
0.477411 0.211825 1.99563 1
0.713534 0.373675 15960 0
0.566581 0.319957 1.88276 1
0.76861 0.297749 15056 0
0.470467 0.440368 1.91792 1
0.718953 0.22674 15336 0
0.43025 0.484997 1.94245 1
0.697708 0.202846 15536 0
0.277003 -0.0951685 1.96771 1
0.625654 0.557561 15736 0
0.300589 -0.498237 2.00418 1
0.633872 0.795863 16032 0
0.315684 -0.763524 2.04267 1
0.637946 0.944854 16336 0
0.306303 -0.791251 1.9705 1
0.638748 0.977893 15760 0
0.402394 -0.0935494 1.94593 1
0.684577 0.557214 15560 0
0.426601 -0.484389 1.99952 1
0.690437 0.788311 15992 0
0.417592 -0.7507 2.0356 1
0.683111 0.938902 16280 0
0.408575 -0.778324 1.96357 1
0.685729 0.971745 15704 0
40
0.339555 -0.0327982 1.97419 1
0.653523 0.519772 15792 0
0.344286 0.0196737 2.02133 1
0.652032 0.488416 16168 0
0.339592 0.338532 2.07053 1
0.646397 0.305414 16560 0
0.382821 0.475769 2.00466 1
0.670454 0.217546 16032 0
0.202188 0.197169 2.03122 1
0.588849 0.384475 16248 0
0.164704 -0.01791 2.00594 1
0.573289 0.510626 16040 0
0.165476 -0.196824 1.95126 1
0.575696 0.620048 15608 0
0.17243 -0.262931 1.93096 1
0.579706 0.662055 15440 0
0.477315 0.212136 1.996 1
0.713451 0.373513 15960 0
0.566488 0.32001 1.88312 1
0.768513 0.297755 15064 0
0.468551 0.438648 1.91884 1
0.717957 0.227937 15344 0
0.429008 0.484829 1.94331 1
0.69705 0.203081 15544 0
0.276839 -0.0949659 1.96801 1
0.625561 0.557429 15744 0
0.300543 -0.49834 2.00416 1
0.633853 0.795928 16032 0
0.315659 -0.763677 2.04269 1
0.637933 0.944938 16336 0
0.306261 -0.791387 1.97051 1
0.638729 0.977972 15760 0
0.402383 -0.0932859 1.94625 1
0.684542 0.557044 15568 0
0.426543 -0.484642 1.9995 1
0.690413 0.788465 15992 0
0.417614 -0.751033 2.03562 1
0.683119 0.939092 16280 0
0.408533 -0.778589 1.96356 1
0.68571 0.971907 15704 0
40
0.33946 -0.0325865 1.97448 1
0.653458 0.519642 15792 0
0.344195 0.0198887 2.02164 1
0.651969 0.488292 16168 0
0.339547 0.338792 2.07094 1
0.646348 0.305303 16560 0
0.38266 0.475866 2.00508 1
0.670348 0.217547 16040 0
0.201714 0.197108 2.03156 1
0.588626 0.384531 16248 0
0.164521 -0.0179739 2.00602 1
0.573205 0.510664 16048 0
0.165271 -0.196811 1.95125 1
0.575603 0.620041 15608 0
0.172289 -0.262916 1.93095 1
0.579642 0.662046 15440 0
0.477131 0.212313 1.9964 1
0.713327 0.373432 15968 0
0.570268 0.308239 1.88319 1
0.770295 0.305202 15064 0
0.471931 0.429641 1.91598 1
0.719858 0.233125 15320 0
0.429914 0.481656 1.94258 1
0.697541 0.204913 15536 0
0.276668 -0.094807 1.96832 1
0.625463 0.557324 15744 0
0.300494 -0.498439 2.00415 1
0.633832 0.795988 16032 0
0.315623 -0.763835 2.04272 1
0.637916 0.945024 16336 0
0.30621 -0.79153 1.97052 1
0.638705 0.978055 15760 0
0.402364 -0.0930583 1.94659 1
0.684501 0.556895 15568 0
0.426499 -0.484826 1.99948 1
0.690394 0.788576 15992 0
0.417605 -0.751285 2.03563 1
0.683114 0.939236 16280 0
0.408477 -0.778811 1.96356 1
0.685685 0.972042 15704 0
40
0.339311 -0.0324462 1.97484 1
0.653363 0.519554 15792 0
0.344045 0.0200287 2.02202 1
0.651874 0.488211 16176 0
0.339403 0.338952 2.0714 1
0.646253 0.305255 16568 0
0.382038 0.474926 2.00455 1
0.670115 0.218031 16032 0
0.201179 0.196981 2.032 1
0.588372 0.38463 16248 0
0.164325 -0.0180993 2.00618 1
0.573112 0.510737 16048 0
0.164728 -0.196071 1.95183 1
0.575332 0.619554 15608 0
0.171857 -0.262188 1.93142 1
0.579423 0.661558 15448 0
0.476818 0.212317 1.99687 1
0.713136 0.37346 15968 0
0.573119 0.298432 1.88295 1
0.771681 0.311375 15056 0
0.473969 0.420537 1.91154 1
0.72132 0.238174 15288 0
0.430666 0.476878 1.94047 1
0.698101 0.207522 15520 0
0.27644 -0.0947004 1.96866 1
0.625338 0.55725 15744 0
0.300442 -0.498524 2.00416 1
0.633808 0.796038 16032 0
0.315581 -0.763978 2.04275 1
0.637895 0.945101 16336 0
0.306155 -0.791666 1.97054 1
0.638679 0.978134 15760 0
0.402303 -0.0928768 1.94707 1
0.684427 0.55677 15576 0
0.426434 -0.484997 1.9995 1
0.690364 0.788676 15992 0
0.417612 -0.751519 2.03566 1
0.683114 0.939367 16280 0
0.408436 -0.779021 1.96357 1
0.685666 0.972167 15704 0
40
0.33912 -0.0323328 1.97527 1
0.653243 0.519481 15800 0
0.34385 0.0201182 2.02247 1
0.651754 0.488161 16176 0
0.339169 0.338892 2.07199 1
0.646111 0.305345 16568 0
0.380962 0.473232 2.00324 1
0.669747 0.218853 16024 0
0.200613 0.196807 2.03252 1
0.5881 0.384761 16256 0
0.164129 -0.0182772 2.00645 1
0.573015 0.510841 16048 0
0.164232 -0.195501 1.95242 1
0.575082 0.61917 15616 0
0.171462 -0.261625 1.93193 1
0.579219 0.661169 15448 0
0.476414 0.21212 1.99743 1
0.712895 0.373613 15976 0
0.57534 0.288496 1.88202 1
0.772869 0.317565 15056 0
0.475677 0.411101 1.90644 1
0.722712 0.243363 15248 0
0.431603 0.470254 1.93715 1
0.698872 0.211091 15496 0
0.276141 -0.0946042 1.96906 1
0.625177 0.55718 15752 0
0.300376 -0.49855 2.00417 1
0.633778 0.79605 16032 0
0.315546 -0.764046 2.04276 1
0.637879 0.945137 16336 0
0.306109 -0.791742 1.97055 1
0.638657 0.978178 15760 0
0.402221 -0.0927158 1.94759 1
0.684341 0.556656 15576 0
0.426378 -0.485099 1.99951 1
0.690337 0.788735 15992 0
0.417625 -0.751665 2.03568 1
0.683118 0.939449 16280 0
0.408411 -0.779166 1.96357 1
0.685654 0.972254 15704 0
40
0.338921 -0.032279 1.97574 1
0.653116 0.519444 15800 0
0.343617 0.0200936 2.02298 1
0.651613 0.488179 16176 0
0.338449 0.337322 2.07281 1
0.645743 0.306323 16576 0
0.37164 0.448824 1.98381 1
0.667215 0.230742 15864 0
0.199666 0.19618 2.03346 1
0.587644 0.385181 16264 0
0.163841 -0.0188658 2.00698 1
0.572867 0.511187 16048 0
0.163485 -0.194347 1.95354 1
0.574698 0.618399 15624 0
0.170819 -0.260475 1.933 1
0.578878 0.660371 15464 0
0.476411 0.211242 1.99839 1
0.712792 0.374197 15984 0
0.57749 0.276918 1.87958 1
0.774245 0.324659 15032 0
0.473187 0.395303 1.89762 1
0.722575 0.252079 15176 0
0.430217 0.45794 1.93068 1
0.698898 0.217713 15440 0
0.275753 -0.0946941 1.96939 1
0.624981 0.557225 15752 0
0.299649 -0.497242 2.00414 1
0.633456 0.79528 16032 0
0.315257 -0.763097 2.04263 1
0.637762 0.944614 16336 0
0.305958 -0.791394 1.97048 1
0.638594 0.977984 15760 0
0.402254 -0.0926556 1.94857 1
0.684263 0.556591 15584 0
0.426321 -0.484911 1.99956 1
0.690308 0.788616 15992 0
0.417687 -0.751593 2.03566 1
0.683147 0.939409 16280 0
0.408409 -0.779209 1.96356 1
0.685654 0.972283 15704 0
40
0.338577 -0.0323782 1.97637 1
0.652912 0.519497 15808 0
0.343085 0.0197187 2.02376 1
0.65132 0.488404 16184 0
0.335883 0.332756 2.07429 1
0.644535 0.309081 16592 0
0.36735 0.437996 1.97541 1
0.665988 0.236121 15800 0
0.198834 0.195616 2.03437 1
0.58724 0.385563 16272 0
0.163657 -0.0194937 2.00772 1
0.572758 0.511555 16056 0
0.162894 -0.193705 1.95448 1
0.574392 0.617951 15632 0
0.170296 -0.259832 1.93395 1
0.578598 0.659897 15464 0
0.4756 0.209066 1.99982 1
0.712277 0.375582 15992 0
0.577323 0.265109 1.87704 1
0.774537 0.331909 15016 0
0.454095 0.359856 1.88125 1
0.715454 0.272346 15048 0
0.416043 0.42568 1.91577 1
0.693842 0.235557 15320 0
0.275324 -0.0948489 1.96973 1
0.624765 0.557308 15752 0
0.29869 -0.495318 2.00408 1
0.633033 0.794145 16032 0
0.314903 -0.76158 2.04243 1
0.63762 0.943773 16336 0
0.305783 -0.79074 1.97037 1
0.638522 0.977616 15760 0
0.402167 -0.0926758 1.94964 1
0.684122 0.556572 15592 0
0.42625 -0.484283 1.99966 1
0.690267 0.788228 15992 0
0.417821 -0.75117 2.0356 1
0.683211 0.939175 16280 0
0.408499 -0.778952 1.96349 1
0.685702 0.972145 15704 0
40
0.338024 -0.0325917 1.97717 1
0.652601 0.519618 15816 0
0.342186 0.0190924 2.02473 1
0.650851 0.488778 16192 0
0.332736 0.327861 2.0756 1
0.64309 0.312008 16600 0
0.346672 0.440238 2.00249 1
0.654526 0.238357 16016 0
0.198065 0.195192 2.03532 1
0.586862 0.385864 16280 0
0.163531 -0.0200717 2.00879 1
0.572664 0.511892 16064 0
0.162411 -0.19343 1.95549 1
0.574134 0.617723 15640 0
0.169812 -0.259572 1.93506 1
0.57833 0.659645 15480 0
0.474125 0.205841 2.00189 1
0.7114 0.377627 16008 0
0.573581 0.240619 1.87024 1
0.773749 0.346882 14960 0
0.445575 0.335099 1.87091 1
0.71258 0.286837 14960 0
0.408583 0.401304 1.90527 1
0.691416 0.249325 15240 0
0.274775 -0.0950578 1.97013 1
0.62449 0.557423 15760 0
0.297677 -0.493243 2.00406 1
0.632583 0.792915 16032 0
0.314547 -0.759877 2.04223 1
0.637479 0.942825 16336 0
0.305635 -0.789907 1.97024 1
0.638464 0.977144 15760 0
0.401919 -0.0927384 1.95081 1
0.683899 0.556577 15600 0
0.426107 -0.483259 1.99981 1
0.690188 0.787596 15992 0
0.418054 -0.750412 2.0355 1
0.683322 0.938754 16280 0
0.408753 -0.778382 1.96336 1
0.68583 0.971831 15704 0
40
0.337447 -0.032745 1.97799 1
0.652277 0.519702 15816 0
0.34125 0.0185025 2.02566 1
0.650369 0.489129 16200 0
0.330435 0.323661 2.07636 1
0.642049 0.314484 16608 0
0.337617 0.439851 2.01257 1
0.649736 0.239896 16096 0
0.197291 0.19488 2.03637 1
0.586478 0.386106 16288 0
0.163459 -0.0205894 2.01027 1
0.572578 0.512189 16080 0
0.161785 -0.192736 1.9574 1
0.573776 0.617186 15656 0
0.169189 -0.258876 1.93694 1
0.577967 0.659063 15488 0
0.472849 0.203116 2.00506 1
0.710498 0.379439 16040 0
0.567975 0.209473 1.8646 1
0.771892 0.366299 14912 0
0.424906 0.28658 1.86716 1
0.703125 0.317335 14936 0
0.38815 0.349474 1.89767 1
0.682571 0.280827 15176 0
0.274189 -0.0952354 1.97054 1
0.624199 0.557518 15760 0
0.296818 -0.49148 2.00411 1
0.632198 0.791862 16032 0
0.31426 -0.758401 2.04208 1
0.637363 0.941997 16336 0
0.305586 -0.789084 1.97011 1
0.638451 0.976678 15760 0
0.401636 -0.0927021 1.95202 1
0.683655 0.55652 15616 0
0.425905 -0.482172 2 1
0.69008 0.786922 15992 0
0.418323 -0.749599 2.03541 1
0.683448 0.938299 16280 0
0.409202 -0.777687 1.9632 1
0.686049 0.971446 15704 0
40
0.336856 -0.0328972 1.9788 1
0.651948 0.519786 15824 0
0.340293 0.0180621 2.02654 1
0.649883 0.489393 16208 0
0.329032 0.322468 2.07659 1
0.64143 0.315188 16608 0
0.307483 0.463621 2.06689 1
0.632788 0.233045 16528 0
0.196587 0.194594 2.03733 1
0.586129 0.386326 16296 0
0.163415 -0.0211369 2.01213 1
0.572492 0.512502 16096 0
0.161151 -0.191856 1.95966 1
0.573402 0.616516 15672 0
0.168514 -0.257997 1.93927 1
0.577562 0.658332 15512 0
0.471518 0.200711 2.00887 1
0.709508 0.381092 16064 0
0.563296 0.153365 1.87114 1
0.76871 0.402453 14968 0
0.42658 0.255648 1.8556 1
0.705196 0.336035 14840 0
0.386223 0.319848 1.88704 1
0.682689 0.298277 15096 0
0.273505 -0.0954485 1.97106 1
0.623857 0.557632 15768 0
0.296174 -0.490507 2.00436 1
0.631894 0.791247 16032 0
0.314094 -0.757701 2.04205 1
0.637293 0.941596 16336 0
0.305597 -0.788639 1.97006 1
0.63846 0.976421 15760 0
0.401323 -0.092654 1.95318 1
0.683402 0.556456 15624 0
0.425682 -0.481117 2.00023 1
0.689959 0.786263 16000 0
0.418582 -0.748817 2.03532 1
0.68357 0.93786 16280 0
0.409781 -0.77696 1.96304 1
0.686327 0.971044 15704 0
40
0.335775 -0.0333997 1.97995 1
0.651373 0.520076 15832 0
0.338933 0.0175953 2.02753 1
0.649211 0.489672 16216 0
0.326463 0.323244 2.07578 1
0.64038 0.314672 16600 0
0.290212 0.484107 2.09977 1
0.623367 0.225613 16792 0
0.195778 0.194341 2.03837 1
0.58573 0.386532 16304 0
0.16335 -0.0216616 2.01431 1
0.572385 0.512798 16112 0
0.160679 -0.191566 1.96184 1
0.573105 0.616211 15688 0
0.16791 -0.25776 1.94174 1
0.577186 0.657985 15528 0
0.469678 0.197156 2.01274 1
0.708288 0.383423 16096 0
0.559139 0.119846 1.87726 1
0.765858 0.424021 15016 0
0.429481 0.223525 1.83985 1
0.708361 0.35541 14712 0
0.386075 0.288765 1.87324 1
0.683964 0.316539 14984 0
0.271885 -0.0962959 1.97257 1
0.623029 0.558099 15776 0
0.295627 -0.490371 2.00518 1
0.631597 0.791048 16040 0
0.313958 -0.757568 2.04218 1
0.637225 0.94149 16336 0
0.305622 -0.788481 1.97007 1
0.63847 0.976323 15760 0
0.400671 -0.0929443 1.95453 1
0.682978 0.556594 15632 0
0.425378 -0.480426 2.00058 1
0.68979 0.7858 16000 0
0.418776 -0.748406 2.03531 1
0.683656 0.937622 16280 0
0.410313 -0.776566 1.96299 1
0.686574 0.970819 15696 0
40
0.332739 -0.0373193 1.98216 1
0.649837 0.522407 15856 0
0.337202 0.0161171 2.02856 1
0.648373 0.490544 16224 0
0.323261 0.325441 2.0736 1
0.639149 0.313216 16584 0
0.283949 0.491247 2.11125 1
0.620048 0.223081 16888 0
0.194734 0.194054 2.03959 1
0.585222 0.386767 16312 0
0.163251 -0.0222084 2.01652 1
0.572262 0.513107 16128 0
0.160306 -0.191538 1.96384 1
0.572861 0.616076 15704 0
0.167339 -0.257865 1.94426 1
0.576824 0.657845 15552 0
0.444857 0.179855 2.0065 1
0.697895 0.393322 16048 0
0.551007 0.0671736 1.89958 1
0.758913 0.457914 15192 0
0.42176 0.209498 1.8368 1
0.704955 0.364259 14688 0
0.379852 0.272395 1.86863 1
0.681445 0.326512 14944 0
0.269266 -0.099719 1.97634 1
0.621611 0.56005 15808 0
0.295136 -0.492182 2.00752 1
0.631225 0.791783 16056 0
0.313845 -0.759274 2.04292 1
0.637125 0.942323 16336 0
0.305324 -0.789124 1.97042 1
0.638311 0.976628 15760 0
0.397962 -0.0955027 1.95662 1
0.681547 0.55809 15648 0
0.424824 -0.480277 2.00138 1
0.689467 0.785598 16008 0
0.418961 -0.748338 2.03537 1
0.683731 0.937569 16280 0
0.410411 -0.776596 1.96306 1
0.686612 0.970819 15704 0
40
0.3305 -0.0400183 1.98413 1
0.648681 0.524004 15872 0
0.334623 0.0146267 2.02977 1
0.64715 0.491424 16232 0
0.320473 0.327197 2.07132 1
0.638101 0.312001 16568 0
0.288401 0.496436 2.10948 1
0.622033 0.21992 16872 0
0.19341 0.193728 2.04099 1
0.584585 0.387035 16320 0
0.163118 -0.0227633 2.01865 1
0.572126 0.51342 16144 0
0.160094 -0.192273 1.96597 1
0.572686 0.616395 15720 0
0.166894 -0.258786 1.94677 1
0.576521 0.658205 15568 0
0.467854 0.185814 2.02468 1
0.706257 0.390777 16192 0
0.545546 0.041887 1.91098 1
0.754817 0.473914 15280 0
0.408204 0.195598 1.83431 1
0.698636 0.373093 14672 0
0.370238 0.256331 1.86438 1
0.677256 0.336372 14912 0
0.266563 -0.103378 1.98078 1
0.62012 0.562113 15840 0
0.295035 -0.496297 2.01134 1
0.630931 0.793663 16088 0
0.313816 -0.763415 2.04437 1
0.637016 0.944421 16352 0
0.30597 -0.791055 1.97108 1
0.638557 0.977635 15768 0
0.396138 -0.0979137 1.95838 1
0.680552 0.559503 15664 0
0.423983 -0.481294 2.00313 1
0.688926 0.785952 16024 0
0.419305 -0.749335 2.03576 1
0.683848 0.938069 16280 0
0.41186 -0.778142 1.96346 1
0.687232 0.971659 15704 0
40
0.328716 -0.0422837 1.98594 1
0.647744 0.52534 15880 0
0.332473 0.0132267 2.03097 1
0.646119 0.492249 16240 0
0.318381 0.32809 2.06944 1
0.637324 0.311317 16552 0
0.298564 0.496651 2.09916 1
0.626954 0.218422 16792 0
0.191746 0.193388 2.04249 1
0.583796 0.387316 16336 0
0.162967 -0.0232934 2.02061 1
0.57199 0.51372 16160 0
0.16005 -0.193538 1.96819 1
0.572584 0.617028 15744 0
0.166533 -0.260326 1.94949 1
0.576249 0.658923 15592 0
0.476856 0.185126 2.03018 1
0.709656 0.391476 16240 0
0.542162 0.0264378 1.91998 1
0.75205 0.483612 15352 0
0.390857 0.175573 1.83386 1
0.690241 0.386058 14664 0
0.364636 0.224594 1.84046 1
0.676843 0.354767 14720 0
0.263786 -0.107485 1.98541 1
0.618592 0.56443 15880 0
0.295354 -0.501849 2.01599 1
0.63077 0.796263 16120 0
0.313883 -0.769217 2.04628 1
0.636917 0.947379 16368 0
0.307315 -0.797134 1.97303 1
0.639029 0.980828 15784 0
0.394831 -0.101358 1.96033 1
0.679778 0.561535 15680 0
0.423143 -0.483269 2.00559 1
0.688321 0.786774 16040 0
0.419717 -0.751355 2.03642 1
0.683969 0.939108 16288 0
0.412669 -0.779443 1.96381 1
0.687567 0.972365 15704 0
40
0.327688 -0.0435386 1.98758 1
0.647159 0.52607 15896 0
0.330926 0.0123189 2.03206 1
0.645361 0.492785 16256 0
0.317298 0.327907 2.0675 1
0.636986 0.311246 16536 0
0.309466 0.493581 2.08356 1
0.632575 0.218067 16664 0
0.190201 0.193154 2.04378 1
0.583068 0.387524 16344 0
0.162821 -0.0237037 2.02234 1
0.571864 0.513949 16176 0
0.160103 -0.195058 1.97047 1
0.572524 0.617811 15760 0
0.166177 -0.262247 1.95253 1
0.575967 0.659847 15616 0
0.485583 0.187438 2.03597 1
0.712886 0.390433 16280 0
0.542593 0.00575884 1.94102 1
0.749516 0.496469 15528 0
0.386907 0.15152 1.84026 1
0.687664 0.402009 14720 0
0.366656 0.19477 1.83484 1
0.678367 0.373667 14672 0
0.262054 -0.110128 1.98852 1
0.617629 0.565911 15904 0
0.295631 -0.505899 2.01948 1
0.630666 0.798137 16152 0
0.313919 -0.773618 2.04789 1
0.636825 0.949586 16376 0
0.308624 -0.801934 1.97473 1
0.639501 0.983307 15792 0
0.394401 -0.103911 1.96247 1
0.679386 0.563016 15696 0
0.42223 -0.485716 2.00833 1
0.687658 0.787832 16064 0
0.419751 -0.753917 2.03732 1
0.683902 0.94041 16296 0
0.413378 -0.781087 1.96429 1
0.687843 0.973245 15712 0
40
0.327019 -0.0444053 1.98897 1
0.646757 0.52657 15904 0
0.329824 0.0116367 2.03296 1
0.644813 0.493188 16256 0
0.316979 0.326449 2.06521 1
0.637 0.311876 16520 0
0.320496 0.488235 2.06487 1
0.638543 0.218597 16512 0
0.188964 0.19301 2.04475 1
0.582489 0.38766 16352 0
0.162683 -0.0239988 2.02377 1
0.571752 0.514113 16184 0
0.160153 -0.196372 1.97272 1
0.572464 0.618469 15776 0
0.16586 -0.263871 1.95547 1
0.575708 0.660595 15640 0
0.490659 0.189005 2.03917 1
0.714774 0.389691 16312 0
0.542905 -0.00360372 1.95161 1
0.748304 0.502198 15608 0
0.381414 0.127107 1.84342 1
0.684683 0.417939 14744 0
0.363752 0.168761 1.83204 1
0.677225 0.39037 14656 0
0.260964 -0.111861 1.99059 1
0.617018 0.566879 15920 0
0.296032 -0.509513 2.02271 1
0.630635 0.799789 16176 0
0.313919 -0.777607 2.04943 1
0.636722 0.951565 16392 0
0.309643 -0.806285 1.97638 1
0.639845 0.985525 15808 0
0.394337 -0.105989 1.96456 1
0.679166 0.564208 15712 0
0.421465 -0.488216 2.01105 1
0.687064 0.788922 16088 0
0.419746 -0.75663 2.03825 1
0.683815 0.941792 16304 0
0.414392 -0.784379 1.96527 1
0.68821 0.975002 15720 0
40
0.326614 -0.045007 1.99012 1
0.64649 0.526915 15920 0
0.329073 0.0111337 2.03368 1
0.644432 0.493484 16264 0
0.31758 0.324187 2.06253 1
0.637438 0.312937 16496 0
0.326665 0.484979 2.05319 1
0.642013 0.218883 16424 0
0.188109 0.192974 2.04535 1
0.582091 0.387715 16360 0
0.162559 -0.0241453 2.02494 1
0.571656 0.514191 16192 0
0.160168 -0.197512 1.97505 1
0.572385 0.619017 15800 0
0.165468 -0.265355 1.95878 1
0.575402 0.661226 15664 0
0.493533 0.190056 2.04092 1
0.715846 0.389172 16320 0
0.543169 -0.00908282 1.96044 1
0.747307 0.505514 15680 0
0.379161 0.11368 1.84555 1
0.68338 0.426692 14760 0
0.360922 0.153095 1.83174 1
0.675874 0.400531 14648 0
0.260313 -0.112977 1.99195 1
0.616647 0.5675 15928 0
0.296378 -0.512159 2.02522 1
0.630625 0.800971 16200 0
0.313835 -0.780597 2.05071 1
0.6366 0.953019 16400 0
0.310263 -0.809533 1.97774 1
0.640028 0.987145 15816 0
0.39446 -0.107607 1.9666 1
0.679037 0.56512 15728 0
0.420882 -0.490419 2.01348 1
0.686581 0.789877 16104 0
0.419727 -0.759104 2.03912 1
0.683729 0.943048 16312 0
0.414955 -0.78626 1.96585 1
0.68841 0.976001 15720 0
40
0.326398 -0.0453916 1.99109 1
0.646322 0.527132 15928 0
0.328545 0.0107732 2.03425 1
0.64416 0.493697 16272 0
0.318529 0.321787 2.05992 1
0.638023 0.314087 16472 0
0.331023 0.482495 2.04407 1
0.644549 0.219076 16352 0
0.187483 0.192995 2.04573 1
0.581802 0.387723 16360 0
0.162429 -0.0241809 2.02592 1
0.571564 0.514205 16200 0
0.16014 -0.198503 1.97722 1
0.572293 0.619483 15816 0
0.165016 -0.266653 1.96193 1
0.575076 0.661755 15688 0
0.495374 0.19107 2.04188 1
0.71655 0.388633 16328 0
0.542889 -0.0128735 1.96771 1
0.746265 0.507786 15736 0
0.378251 0.10368 1.8471 1
0.682786 0.433197 14776 0
0.358899 0.141762 1.83283 1
0.674785 0.407948 14656 0
0.259893 -0.113725 1.9929 1
0.616403 0.567915 15936 0
0.296651 -0.514003 2.02716 1
0.630621 0.801767 16216 0
0.313761 -0.78272 2.05174 1
0.636499 0.954022 16408 0
0.310691 -0.81184 1.97884 1
0.640143 0.988262 15824 0
0.394681 -0.108772 1.96839 1
0.678973 0.565765 15744 0
0.4203 -0.492412 2.01575 1
0.686113 0.790726 16120 0
0.419395 -0.761406 2.0401 1
0.683496 0.944178 16320 0
0.415268 -0.789079 1.96693 1
0.688449 0.977445 15728 0
40
0.326337 -0.0456564 1.99192 1
0.646234 0.527279 15928 0
0.328228 0.0104809 2.03472 1
0.643988 0.49387 16272 0
0.320187 0.319227 2.05728 1
0.63892 0.315328 16456 0
0.333937 0.480897 2.03717 1
0.646315 0.219058 16296 0
0.187009 0.19305 2.04591 1
0.581589 0.387701 16360 0
0.162313 -0.0241606 2.02669 1
0.571486 0.514188 16208 0
0.160089 -0.199353 1.97919 1
0.572198 0.619875 15832 0
0.164604 -0.267754 1.96482 1
0.574778 0.662183 15712 0
0.495341 0.19237 2.04088 1
0.716641 0.387821 16320 0
0.54257 -0.0144877 1.97295 1
0.745467 0.508739 15776 0
0.377672 0.0951363 1.84738 1
0.682479 0.438711 14776 0
0.357342 0.133225 1.83361 1
0.673953 0.413529 14664 0
0.25968 -0.114253 1.9936 1
0.616266 0.568206 15944 0
0.29686 -0.515291 2.02865 1
0.630617 0.802301 16224 0
0.313698 -0.784227 2.05254 1
0.636419 0.954718 16416 0
0.310907 -0.813485 1.9797 1
0.64018 0.989038 15832 0
0.394924 -0.109647 1.97006 1
0.678932 0.566238 15760 0
0.419855 -0.493857 2.01753 1
0.685752 0.791323 16136 0
0.419146 -0.763123 2.04088 1
0.683316 0.94501 16320 0
0.415433 -0.790591 1.96752 1
0.688467 0.978216 15736 0
40
0.326375 -0.0458226 1.9926 1
0.646201 0.527369 15936 0
0.328036 0.010255 2.03511 1
0.643876 0.494003 16280 0
0.322034 0.316493 2.0544 1
0.639917 0.316653 16432 0
0.336151 0.479614 2.03149 1
0.647698 0.219023 16248 0
0.18665 0.193162 2.04589 1
0.581432 0.387635 16360 0
0.162207 -0.0240913 2.0273 1
0.571418 0.514143 16216 0
0.159969 -0.20003 1.98095 1
0.57208 0.620175 15840 0
0.164198 -0.26862 1.96741 1
0.574495 0.662493 15736 0
0.494548 0.193541 2.03925 1
0.716467 0.387047 16312 0
0.542109 -0.0142771 1.97675 1
0.744788 0.508596 15808 0
0.377442 0.089394 1.8472 1
0.682386 0.442405 14776 0
0.356188 0.127499 1.83394 1
0.673359 0.417261 14664 0
0.259677 -0.114589 1.9941 1
0.616236 0.568389 15952 0
0.297049 -0.516286 2.0299 1
0.630619 0.802697 16232 0
0.313623 -0.785415 2.05323 1
0.636341 0.955255 16424 0
0.333075 -0.834804 2.03291 1
0.646244 0.98872 16256 0
0.395167 -0.110283 1.9715 1
0.678911 0.566574 15768 0
0.419371 -0.49516 2.01916 1
0.685388 0.791855 16152 0
0.418606 -0.76475 2.04172 1
0.683005 0.945774 16328 0
0.415152 -0.792668 1.9685 1
0.688246 0.979235 15744 0
40
0.326514 -0.0459144 1.99318 1
0.646221 0.527415 15944 0
0.327964 0.0100739 2.03543 1
0.643822 0.49411 16280 0
0.324159 0.313938 2.05151 1
0.641039 0.317878 16408 0
0.33778 0.478603 2.02678 1
0.648758 0.218964 16208 0
0.18642 0.193354 2.04554 1
0.581347 0.387504 16360 0
0.162117 -0.0239954 2.02778 1
0.571361 0.514083 16216 0
0.159842 -0.200643 1.98245 1
0.571968 0.620452 15856 0
0.163832 -0.269368 1.96953 1
0.574249 0.66277 15752 0
0.493399 0.194425 2.03737 1
0.716163 0.386427 16296 0
0.541625 -0.0139927 1.98033 1
0.744127 0.508409 15840 0
0.378015 0.0850331 1.84718 1
0.682664 0.445214 14776 0
0.355551 0.123274 1.83465 1
0.672983 0.420033 14672 0
0.259914 -0.114741 1.9944 1
0.616324 0.56847 15952 0
0.29712 -0.513637 2.03124 1
0.630564 0.800946 16248 0
0.313222 -0.783484 2.05381 1
0.636128 0.954007 16424 0
0.32333 -0.818615 2.01365 1
0.643323 0.983824 16104 0
0.395407 -0.110735 1.97275 1
0.678907 0.566805 15776 0
0.418971 -0.496188 2.02049 1
0.685089 0.792268 16160 0
0.418089 -0.766073 2.04245 1
0.682714 0.946387 16336 0
0.414854 -0.794394 1.96935 1
0.68803 0.98007 15752 0
40
0.326724 -0.0459474 1.99367 1
0.646279 0.527428 15944 0
0.32798 0.00993566 2.03569 1
0.64381 0.494191 16280 0
0.325955 0.311955 2.04896 1
0.641997 0.318803 16384 0
0.339001 0.477949 2.02331 1
0.649552 0.218867 16184 0
0.186368 0.193646 2.04479 1
0.581353 0.387293 16352 0
0.162033 -0.0238596 2.02816 1
0.571311 0.514001 16224 0
0.159698 -0.201182 1.9837 1
0.571858 0.620699 15864 0
0.163501 -0.269998 1.97125 1
0.574034 0.663009 15768 0
0.49217 0.195074 2.03554 1
0.715819 0.385945 16280 0
0.541138 -0.0130268 1.98285 1
0.743596 0.507819 15856 0
0.378746 0.0821008 1.84693 1
0.683042 0.447096 14768 0
0.354978 0.120305 1.83502 1
0.672669 0.421975 14680 0
0.260367 -0.114723 1.99453 1
0.61652 0.568455 15952 0
0.297182 -0.512497 2.03232 1
0.630522 0.800118 16256 0
0.312991 -0.782805 2.05429 1
0.635995 0.953507 16432 0
0.318784 -0.813321 2.00459 1
0.641946 0.982868 16032 0
0.395648 -0.11104 1.97382 1
0.678919 0.566952 15784 0
0.418657 -0.49698 2.02154 1
0.684854 0.792582 16168 0
0.417622 -0.767125 2.04307 1
0.682454 0.946864 16344 0
0.41471 -0.795446 1.96987 1
0.687915 0.980579 15752 0
40
0.327019 -0.0459538 1.99407 1
0.646381 0.527427 15952 0
0.328107 0.00980538 2.0359 1
0.643851 0.494268 16280 0
0.327494 0.310294 2.04673 1
0.642822 0.319571 16368 0
0.339933 0.477384 2.02051 1
0.650171 0.21881 16160 0
0.18647 0.193943 2.04378 1
0.581438 0.387064 16344 0
0.16196 -0.0237331 2.02844 1
0.571269 0.513925 16224 0
0.159554 -0.201885 1.98479 1
0.571754 0.621055 15872 0
0.16324 -0.270742 1.97263 1
0.573864 0.663343 15776 0
0.491073 0.195467 2.03389 1
0.715512 0.385623 16264 0
0.540825 -0.0122895 1.98463 1
0.743237 0.50737 15872 0
0.379896 0.0801027 1.84657 1
0.683633 0.448373 14768 0
0.354643 0.118228 1.83539 1
0.672472 0.423337 14680 0
0.260995 -0.11461 1.99449 1
0.616803 0.568389 15952 0
0.297216 -0.509843 2.03315 1
0.630483 0.798442 16264 0
0.312686 -0.780542 2.05471 1
0.635835 0.952105 16432 0
0.314918 -0.806891 1.99616 1
0.640817 0.981074 15968 0
0.395903 -0.111259 1.97474 1
0.67895 0.567053 15792 0
0.418373 -0.497714 2.02248 1
0.684643 0.792879 16176 0
0.417156 -0.768109 2.04366 1
0.682199 0.947309 16344 0
0.414419 -0.796751 1.97056 1
0.687717 0.981199 15760 0
40
0.327372 -0.0459253 1.9944 1
0.646515 0.527405 15952 0
0.32832 0.0097015 2.03605 1
0.643934 0.494329 16288 0
0.3288 0.308939 2.04468 1
0.643536 0.320179 16352 0
0.340641 0.476968 2.01829 1
0.650649 0.218746 16144 0
0.186686 0.194241 2.04261 1
0.581579 0.386826 16336 0
0.161892 -0.0236031 2.02865 1
0.571231 0.513847 16224 0
0.159446 -0.202586 1.98565 1
0.571675 0.621423 15880 0
0.163043 -0.271445 1.97368 1
0.573736 0.66368 15784 0
0.490163 0.195711 2.03249 1
0.715261 0.385402 16256 0
0.54076 -0.0115528 1.98607 1
0.743032 0.506923 15888 0
0.381514 0.0788445 1.84635 1
0.684438 0.449178 14768 0
0.354675 0.116925 1.83585 1
0.672443 0.424201 14680 0
0.261739 -0.114397 1.99432 1
0.617146 0.568267 15952 0
0.297188 -0.508406 2.03383 1
0.630428 0.797501 16264 0
0.312491 -0.779351 2.05506 1
0.635727 0.951337 16440 0
0.312796 -0.804072 1.99155 1
0.640192 0.980503 15928 0
0.396159 -0.111403 1.97552 1
0.678996 0.567113 15800 0
0.418144 -0.498289 2.02321 1
0.684476 0.793112 16184 0
0.416766 -0.768892 2.04413 1
0.681986 0.947661 16352 0
0.41417 -0.797814 1.97113 1
0.68755 0.981702 15768 0
40
0.327773 -0.0458726 1.99465 1
0.646677 0.52737 15952 0
0.328623 0.00961392 2.03614 1
0.64406 0.494381 16288 0
0.329862 0.307907 2.04296 1
0.644121 0.320629 16336 0
0.341318 0.476607 2.01634 1
0.651095 0.218687 16128 0
0.186957 0.194502 2.04143 1
0.581745 0.386608 16328 0
0.161828 -0.0234816 2.0288 1
0.571198 0.513775 16224 0
0.15937 -0.203272 1.9863 1
0.571617 0.621794 15888 0
0.162894 -0.272111 1.97447 1
0.573639 0.664016 15792 0
0.489396 0.195845 2.03128 1
0.715053 0.385255 16248 0
0.540693 -0.0106811 1.98699 1
0.74289 0.506398 15888 0
0.383061 0.0783454 1.84594 1
0.685227 0.449489 14760 0
0.354856 0.116398 1.83623 1
0.672496 0.424559 14688 0
0.26254 -0.11412 1.99405 1
0.61752 0.568111 15952 0
0.29672 -0.504065 2.03395 1
0.630215 0.794944 16264 0
0.312077 -0.775138 2.05513 1
0.635543 0.948883 16440 0
0.310907 -0.79965 1.98725 1
0.639647 0.978894 15896 0
0.396394 -0.111494 1.97614 1
0.679046 0.567147 15808 0
0.417968 -0.498725 2.02377 1
0.684346 0.793287 16184 0
0.416553 -0.76948 2.04452 1
0.681858 0.947918 16352 0
0.414081 -0.798642 1.97162 1
0.687464 0.982084 15768 0
40
0.328221 -0.0458085 1.99481 1
0.646865 0.52733 15952 0
0.329017 0.00953203 2.03615 1
0.644232 0.494429 16288 0
0.330753 0.307151 2.04155 1
0.64461 0.320946 16328 0
0.341832 0.476375 2.01485 1
0.651434 0.218616 16112 0
0.187364 0.194785 2.0401 1
0.581976 0.386369 16320 0
0.161773 -0.0233383 2.02889 1
0.571171 0.51369 16224 0
0.159336 -0.203927 1.98675 1
0.571586 0.622159 15888 0
0.162793 -0.272736 1.97502 1
0.573573 0.664348 15800 0
0.488771 0.19586 2.03018 1
0.714895 0.385183 16240 0
0.540708 -0.00939728 1.98743 1
0.742842 0.505627 15896 0
0.384542 0.0784839 1.84534 1
0.686003 0.449383 14760 0
0.355169 0.116569 1.83643 1
0.67263 0.424455 14688 0
0.263384 -0.1138 1.99367 1
0.61792 0.567933 15944 0
0.296659 -0.503034 2.03419 1
0.630173 0.794305 16272 0
0.311952 -0.77419 2.05528 1
0.635478 0.9483 16440 0
0.309987 -0.798377 1.9852 1
0.639378 0.978627 15880 0
0.396606 -0.111549 1.97663 1
0.679097 0.567163 15808 0
0.417828 -0.499053 2.0242 1
0.684246 0.793417 16192 0
0.416361 -0.769936 2.04484 1
0.681745 0.948112 16352 0
0.414006 -0.799173 1.97193 1
0.6874 0.982328 15768 0
40
0.328713 -0.0457604 1.9949 1
0.647079 0.5273 15952 0
0.32951 0.00942487 2.03608 1
0.644454 0.494491 16288 0
0.331519 0.30656 2.04036 1
0.645029 0.321186 16320 0
0.342218 0.476229 2.01374 1
0.651689 0.218548 16104 0
0.187858 0.195012 2.03868 1
0.58225 0.386157 16304 0
0.161725 -0.0231969 2.02889 1
0.57115 0.513607 16224 0
0.159355 -0.204623 1.98698 1
0.571586 0.622561 15888 0
0.162731 -0.273399 1.97535 1
0.573533 0.66472 15800 0
0.488177 0.195855 2.02907 1
0.71475 0.385124 16232 0
0.540727 -0.00816295 1.98751 1
0.742841 0.504888 15896 0
0.385866 0.0790302 1.84467 1
0.686712 0.449012 14752 0
0.355592 0.117292 1.83649 1
0.672829 0.42399 14688 0
0.264291 -0.113488 1.99319 1
0.618355 0.567764 15944 0
0.296678 -0.502463 2.0344 1
0.630167 0.79394 16272 0
0.31187 -0.773681 2.05545 1
0.635432 0.947968 16440 0
0.309342 -0.798307 1.98364 1
0.639197 0.978961 15864 0
0.396791 -0.11158 1.97701 1
0.679146 0.567169 15816 0
0.417704 -0.499331 2.02454 1
0.68416 0.793531 16192 0
0.416188 -0.770329 2.04513 1
0.681645 0.948279 16360 0
0.413936 -0.799612 1.97218 1
0.687344 0.98253 15776 0
40
0.329222 -0.0456977 1.9949 1
0.647306 0.527263 15952 0
0.33004 0.00932879 2.03592 1
0.644697 0.494547 16280 0
0.332127 0.306121 2.0394 1
0.645364 0.321358 16312 0
0.342528 0.476131 2.01287 1
0.651892 0.218484 16096 0
0.188324 0.195196 2.03742 1
0.582505 0.385979 16296 0
0.161677 -0.0230313 2.02874 1
0.571134 0.513511 16224 0
0.159427 -0.205359 1.98697 1
0.571618 0.623003 15888 0
0.162737 -0.274096 1.97541 1
0.573533 0.665134 15800 0
0.487719 0.195823 2.02815 1
0.714647 0.385091 16224 0
0.540761 -0.00687974 1.98728 1
0.742885 0.50412 15896 0
0.387052 0.0800558 1.84396 1
0.687357 0.448331 14744 0
0.356143 0.1187 1.83646 1
0.6731 0.423076 14688 0
0.265161 -0.11316 1.99262 1
0.618779 0.567587 15936 0
0.296733 -0.502205 2.03456 1
0.630181 0.793767 16272 0
0.311821 -0.773457 2.05562 1
0.635399 0.947801 16440 0
0.308943 -0.798822 1.98257 1
0.639092 0.979528 15856 0
0.396958 -0.111591 1.9773 1
0.679195 0.567166 15816 0
0.417602 -0.499554 2.02481 1
0.684091 0.793624 16192 0
0.416042 -0.77065 2.04536 1
0.68156 0.948415 16360 0
0.413877 -0.799965 1.97239 1
0.687297 0.982692 15776 0
